1 342 13 128 1
 2 358 14 140 1
 3 370 15 152 1
 4 382 16 164 1
 5 17 104 5 2
 6 18 12 9 4
 7 399 391 19 1
 8 13 354 125 1
 9 310 13 125 1
 10 447 439 20 1
 11 14 366 137 1
 12 318 14 137 1
 13 495 487 21 1
 14 15 378 149 1
 15 326 15 149 1
 16 543 535 22 1
 17 16 346 161 1
 18 334 16 161 1
 19 17 95 6 2
 20 17 98 7 2
 21 17 101 8 2
 22 9 10 18 4
 23 10 11 18 4
 24 11 12 18 4
 25 280 395 13 1
 26 287 443 14 1
 27 294 491 15 1
 28 301 539 16 1
 29 423 222 23 1
 30 17 51 23 2
 31 471 238 24 1
 32 17 52 24 2
 33 519 254 25 1
 34 17 53 25 2
 35 567 559 26 1
 36 17 54 26 2
 37 27 341 130 1
 38 345 27 162 1
 39 353 28 126 1
 40 28 357 142 1
 41 365 29 138 1
 42 29 369 154 1
 43 377 30 150 1
 44 30 381 166 1
 45 195 387 27 1
 46 391 167 19 1
 47 217 276 87 1
 48 403 199 28 1
 49 239 347 38 1
 50 222 95 23 1
 51 51 423 23 1
 52 335 267 45 1
 53 199 435 28 1
 54 439 170 20 1
 55 233 283 89 1
 56 451 203 29 1
 57 255 359 42 1
 58 238 98 24 1
 59 52 471 24 1
 60 28 349 126 1
 61 203 483 29 1
 62 487 173 21 1
 63 249 290 91 1
 64 499 207 30 1
 65 271 371 46 1
 66 254 101 25 1
 67 53 519 25 1
 68 29 361 138 1
 69 207 531 30 1
 70 535 176 22 1
 71 265 297 93 1
 72 547 195 27 1
 73 337 27 130 1
 74 559 104 26 1
 75 54 567 26 1
 76 30 373 150 1
 77 393 214 47 1
 78 441 230 48 1
 79 489 246 49 1
 80 537 262 50 1
 81 66 129 51 1
 82 5 51 17 2
 83 70 141 52 1
 84 6 52 17 2
 85 74 153 53 1
 86 7 53 17 2
 87 78 165 54 1
 88 8 54 17 2
 89 213 389 55 1
 90 549 266 55 1
 91 405 218 56 1
 92 229 437 56 1
 93 453 234 57 1
 94 245 485 57 1
 95 501 250 58 1
 96 261 533 58 1
 97 196 213 55 1
 98 214 168 47 1
 99 277 216 64 1
 100 218 200 56 1
 101 350 242 65 1
 102 220 222 65 1
 103 51 224 66 1
 104 269 338 66 1
 105 200 229 56 1
 106 230 171 48 1
 107 284 232 68 1
 108 234 204 57 1
 109 362 258 69 1
 110 236 238 69 1
 111 52 240 70 1
 112 242 220 65 1
 113 204 245 57 1
 114 246 174 49 1
 115 291 248 72 1
 116 250 208 58 1
 117 374 274 73 1
 118 252 254 73 1
 119 53 256 74 1
 120 258 236 69 1
 121 208 261 58 1
 122 262 177 50 1
 123 298 264 76 1
 124 266 196 55 1
 125 224 269 66 1
 126 268 104 77 1
 127 54 272 78 1
 128 274 252 73 1
 129 401 277 64 1
 130 383 280 13 1
 131 394 402 88 1
 132 449 284 68 1
 133 431 287 14 1
 134 442 450 90 1
 135 497 291 72 1
 136 479 294 15 1
 137 490 498 92 1
 138 545 298 76 1
 139 527 301 16 1
 140 538 546 94 1
 141 23 95 17 2
 142 222 220 95 1
 143 418 426 96 1
 144 310 308 96 1
 145 24 98 17 2
 146 238 236 98 1
 147 466 474 99 1
 148 318 316 99 1
 149 25 101 17 2
 150 254 252 101 1
 151 514 522 102 1
 152 326 324 102 1
 153 26 104 17 2
 154 104 163 77 1
 155 562 570 105 1
 156 334 332 105 1
 157 337 336 107 1
 158 338 223 66 1
 159 430 341 108 1
 160 342 421 108 1
 161 345 558 109 1
 162 554 346 109 1
 163 348 349 110 1
 164 219 350 65 1
 165 353 414 111 1
 166 410 354 111 1
 167 478 357 112 1
 168 358 469 112 1
 169 360 361 113 1
 170 235 362 69 1
 171 365 462 114 1
 172 458 366 114 1
 173 526 369 115 1
 174 370 517 115 1
 175 372 373 116 1
 176 251 374 73 1
 177 377 510 117 1
 178 506 378 117 1
 179 574 381 118 1
 180 382 565 118 1
 181 385 279 88 1
 182 119 339 31 1
 183 197 211 31 1
 184 339 120 31 1
 185 169 211 63 1
 186 279 394 88 1
 187 351 122 32 1
 188 122 278 32 1
 189 215 401 64 1
 190 402 278 88 1
 191 215 201 32 1
 192 124 351 32 1
 193 308 310 125 1
 195 349 348 126 1
 196 414 410 111 1
 197 127 219 65 1
 198 308 418 96 1
 200 128 307 34 1
 201 223 129 66 1
 202 426 307 96 1
 203 336 337 130 1
 204 421 430 108 1
 205 433 286 90 1
 206 131 355 35 1
 207 202 227 35 1
 208 355 132 35 1
 209 172 227 67 1
 210 286 442 90 1
 211 363 134 36 1
 212 134 285 36 1
 213 231 449 68 1
 214 450 285 90 1
 215 231 205 36 1
 216 136 363 36 1
 217 316 318 137 1
 219 361 360 138 1
 220 462 458 114 1
 221 139 235 69 1
 222 316 466 99 1
 224 140 315 38 1
 225 239 141 70 1
 226 474 315 99 1
 227 347 142 38 1
 228 469 478 112 1
 229 481 293 92 1
 230 143 367 39 1
 231 206 243 39 1
 232 367 144 39 1
 233 175 243 71 1
 234 293 490 92 1
 235 375 146 40 1
 236 146 292 40 1
 237 247 497 72 1
 238 498 292 92 1
 239 247 209 40 1
 240 148 375 40 1
 241 324 326 149 1
 243 373 372 150 1
 244 510 506 117 1
 245 151 251 73 1
 246 324 514 102 1
 248 152 323 42 1
 249 255 153 74 1
 250 522 323 102 1
 251 359 154 42 1
 252 517 526 115 1
 253 529 300 94 1
 254 155 379 43 1
 255 210 259 43 1
 256 379 156 43 1
 257 178 259 75 1
 258 300 538 94 1
 259 343 158 44 1
 260 158 299 44 1
 261 263 545 76 1
 262 546 299 94 1
 263 263 198 44 1
 264 160 343 44 1
 265 332 334 161 1
 267 162 335 45 1
 268 558 554 109 1
 269 163 267 77 1
 270 332 562 105 1
 272 164 331 46 1
 273 271 165 78 1
 274 570 331 105 1
 275 371 166 46 1
 276 565 574 118 1
 277 214 212 168 1
 278 230 228 171 1
 279 246 244 174 1
 280 262 260 177 1
 281 212 213 196 1
 282 266 264 196 1
 283 218 216 200 1
 284 228 229 200 1
 285 234 232 204 1
 286 244 245 204 1
 287 250 248 208 1
 288 260 261 208 1
 289 1 212 196 1
 290 212 1 168 1
 291 216 275 2 1
 292 216 2 200 1
 293 242 240 220 1
 294 220 6 95 1
 295 5 224 51 1
 296 268 269 224 1
 297 2 228 200 1
 298 228 2 171 1
 299 232 282 3 1
 300 232 3 204 1
 301 258 256 236 1
 302 236 7 98 1
 303 6 240 52 1
 304 240 6 220 1
 305 3 244 204 1
 306 244 3 174 1
 307 248 289 4 1
 308 248 4 208 1
 309 274 272 252 1
 310 252 8 101 1
 311 7 256 53 1
 312 256 7 236 1
 313 4 260 208 1
 314 260 4 177 1
 315 264 296 1 1
 316 264 1 196 1
 317 5 268 224 1
 318 268 5 104 1
 319 8 272 54 1
 320 272 8 252 1
 321 276 399 19 1
 322 31 279 119 1
 323 392 394 279 1
 324 283 447 20 1
 325 35 286 131 1
 326 440 442 286 1
 327 290 495 21 1
 328 39 293 143 1
 329 488 490 293 1
 330 297 543 22 1
 331 43 300 155 1
 332 536 538 300 1
 333 219 418 308 1
 334 33 308 125 1
 335 235 466 316 1
 336 37 316 137 1
 337 251 514 324 1
 338 41 324 149 1
 339 267 562 332 1
 340 45 332 161 1
 341 34 336 130 1
 342 223 336 34 1
 343 34 430 421 1
 344 34 421 128 1
 345 558 45 554 1
 346 554 45 161 1
 347 348 33 126 1
 348 348 219 33 1
 349 414 33 410 1
 350 410 33 125 1
 351 38 478 469 1
 352 38 469 140 1
 353 360 37 138 1
 354 360 235 37 1
 355 462 37 458 1
 356 458 37 137 1
 357 42 526 517 1
 358 42 517 152 1
 359 372 41 150 1
 360 372 251 41 1
 361 510 41 506 1
 362 506 41 149 1
 363 46 574 565 1
 364 46 565 164 1
 365 211 392 31 1
 366 31 392 279 1
 367 400 215 32 1
 368 278 400 32 1
 370 33 219 308 1
 372 307 223 34 1
 373 227 440 35 1
 374 35 440 286 1
 375 448 231 36 1
 376 285 448 36 1
 378 37 235 316 1
 380 315 239 38 1
 381 243 488 39 1
 382 39 488 293 1
 383 496 247 40 1
 384 292 496 40 1
 386 41 251 324 1
 388 323 255 42 1
 389 259 536 43 1
 390 43 536 300 1
 391 544 263 44 1
 392 299 544 44 1
 394 45 267 332 1
 396 331 271 46 1
 397 167 393 47 1
 398 214 393 169 1
 399 169 121 392 1
 400 170 441 48 1
 401 230 441 172 1
 402 172 133 440 1
 403 173 489 49 1
 404 246 489 175 1
 405 175 145 488 1
 406 176 537 50 1
 407 262 537 178 1
 408 178 157 536 1
 409 195 549 55 1
 410 389 195 55 1
 411 389 213 197 1
 412 120 197 31 1
 413 266 549 198 1
 414 198 160 44 1
 415 437 199 56 1
 416 199 405 56 1
 417 218 405 201 1
 418 201 124 32 1
 419 437 229 202 1
 420 132 202 35 1
 421 485 203 57 1
 422 203 453 57 1
 423 234 453 205 1
 424 205 136 36 1
 425 485 245 206 1
 426 144 206 39 1
 427 533 207 58 1
 428 207 501 58 1
 429 250 501 209 1
 430 209 148 40 1
 431 533 261 210 1
 432 156 210 43 1
 433 211 169 392 1
 434 63 211 197 1
 435 213 212 63 1
 436 213 63 197 1
 437 212 214 63 1
 438 63 214 169 1
 439 215 64 201 1
 440 401 215 400 1
 441 277 401 217 1
 442 399 217 123 1
 443 216 218 64 1
 444 64 218 201 1
 446 350 219 348 1
 447 242 350 221 1
 448 347 239 221 1
 449 223 338 336 1
 451 338 269 226 1
 452 267 335 226 1
 453 227 172 440 1
 454 67 227 202 1
 455 229 228 67 1
 456 229 67 202 1
 457 228 230 67 1
 458 67 230 172 1
 459 231 68 205 1
 460 449 231 448 1
 461 284 449 233 1
 462 447 233 135 1
 463 232 234 68 1
 464 68 234 205 1
 466 362 235 360 1
 467 258 362 237 1
 468 359 255 237 1
 469 239 70 221 1
 471 240 242 70 1
 472 70 242 221 1
 473 243 175 488 1
 474 71 243 206 1
 475 245 244 71 1
 476 245 71 206 1
 477 244 246 71 1
 478 71 246 175 1
 479 247 72 209 1
 480 497 247 496 1
 481 291 497 249 1
 482 495 249 147 1
 483 248 250 72 1
 484 72 250 209 1
 486 374 251 372 1
 487 274 374 253 1
 488 371 271 253 1
 489 255 74 237 1
 491 256 258 74 1
 492 74 258 237 1
 493 259 178 536 1
 494 75 259 210 1
 495 261 260 75 1
 496 261 75 210 1
 497 260 262 75 1
 498 75 262 178 1
 499 263 76 198 1
 500 545 263 544 1
 501 298 545 265 1
 502 543 265 159 1
 503 264 266 76 1
 504 76 266 198 1
 506 77 267 226 1
 507 269 268 77 1
 508 269 77 226 1
 509 271 78 253 1
 511 272 274 78 1
 512 78 274 253 1
 513 277 275 216 1
 514 87 277 217 1
 515 275 277 87 1
 516 278 402 400 1
 517 278 398 88 1
 518 280 385 88 1
 519 398 280 88 1
 520 402 394 281 1
 521 391 399 281 1
 522 284 282 232 1
 523 89 284 233 1
 524 282 284 89 1
 525 285 450 448 1
 526 285 446 90 1
 527 287 433 90 1
 528 446 287 90 1
 529 450 442 288 1
 530 439 447 288 1
 531 291 289 248 1
 532 91 291 249 1
 533 289 291 91 1
 534 292 498 496 1
 535 292 494 92 1
 536 294 481 92 1
 537 494 294 92 1
 538 498 490 295 1
 539 487 495 295 1
 540 298 296 264 1
 541 93 298 265 1
 542 296 298 93 1
 543 299 546 544 1
 544 299 542 94 1
 545 301 529 94 1
 546 542 301 94 1
 547 546 538 302 1
 548 535 543 302 1
 549 310 307 128 1
 550 307 426 223 1
 551 426 418 309 1
 552 222 423 309 1
 553 307 310 96 1
 554 310 128 13 1
 555 318 315 140 1
 556 315 474 239 1
 557 474 466 317 1
 558 238 471 317 1
 559 315 318 99 1
 560 318 140 14 1
 561 326 323 152 1
 562 323 522 255 1
 563 522 514 325 1
 564 254 519 325 1
 565 323 326 102 1
 566 326 152 15 1
 567 334 331 164 1
 568 331 570 271 1
 569 570 562 333 1
 570 559 567 333 1
 571 331 334 105 1
 572 334 164 16 1
 573 335 107 226 1
 574 337 335 162 1
 575 335 337 107 1
 576 337 162 27 1
 577 338 107 336 1
 578 107 338 226 1
 579 108 339 119 1
 580 339 108 120 1
 581 341 120 108 1
 582 387 341 27 1
 583 119 342 108 1
 584 342 383 13 1
 585 343 109 158 1
 586 109 343 160 1
 587 160 345 109 1
 588 345 547 27 1
 589 346 158 109 1
 590 539 346 16 1
 591 110 347 221 1
 592 347 349 142 1
 593 349 347 110 1
 594 142 349 28 1
 595 110 350 348 1
 596 350 110 221 1
 597 351 111 122 1
 598 111 351 124 1
 599 124 353 111 1
 600 353 403 28 1
 601 354 122 111 1
 602 395 354 13 1
 603 112 355 131 1
 604 355 112 132 1
 605 357 132 112 1
 606 435 357 28 1
 607 131 358 112 1
 608 358 431 14 1
 609 113 359 237 1
 610 359 361 154 1
 611 361 359 113 1
 612 154 361 29 1
 613 113 362 360 1
 614 362 113 237 1
 615 363 114 134 1
 616 114 363 136 1
 617 136 365 114 1
 618 365 451 29 1
 619 366 134 114 1
 620 443 366 14 1
 621 115 367 143 1
 622 367 115 144 1
 623 369 144 115 1
 624 483 369 29 1
 625 143 370 115 1
 626 370 479 15 1
 627 116 371 253 1
 628 371 373 166 1
 629 373 371 116 1
 630 166 373 30 1
 631 116 374 372 1
 632 374 116 253 1
 633 375 117 146 1
 634 117 375 148 1
 635 148 377 117 1
 636 377 499 30 1
 637 378 146 117 1
 638 491 378 15 1
 639 118 379 155 1
 640 379 118 156 1
 641 381 156 118 1
 642 531 381 30 1
 643 155 382 118 1
 644 382 527 16 1
 645 119 383 342 1
 646 385 383 119 1
 647 385 119 279 1
 648 383 385 280 1
 649 387 120 341 1
 650 387 389 120 1
 651 120 389 197 1
 652 389 387 195 1
 653 121 391 281 1
 654 393 391 121 1
 655 393 121 169 1
 656 391 393 167 1
 657 394 392 121 1
 658 394 121 281 1
 659 395 398 122 1
 660 395 122 354 1
 661 122 398 278 1
 662 398 395 280 1
 663 399 123 281 1
 664 217 399 276 1
 665 123 401 400 1
 666 401 123 217 1
 667 402 123 400 1
 668 123 402 281 1
 669 124 403 353 1
 670 405 403 124 1
 671 405 124 201 1
 672 403 405 199 1
 674 410 125 354 1
 675 33 414 126 1
 676 126 414 353 1
 677 127 222 309 1
 679 418 219 127 1
 680 418 127 309 1
 682 128 421 342 1
 683 423 129 309 1
 684 129 423 51 1
 685 426 129 223 1
 686 129 426 309 1
 687 430 34 130 1
 688 430 130 341 1
 689 131 431 358 1
 690 433 431 131 1
 691 433 131 286 1
 692 431 433 287 1
 693 435 132 357 1
 694 435 437 132 1
 695 132 437 202 1
 696 437 435 199 1
 697 133 439 288 1
 698 441 439 133 1
 699 441 133 172 1
 700 439 441 170 1
 701 442 440 133 1
 702 442 133 288 1
 703 443 446 134 1
 704 443 134 366 1
 705 134 446 285 1
 706 446 443 287 1
 707 447 135 288 1
 708 233 447 283 1
 709 135 449 448 1
 710 449 135 233 1
 711 450 135 448 1
 712 135 450 288 1
 713 136 451 365 1
 714 453 451 136 1
 715 453 136 205 1
 716 451 453 203 1
 718 458 137 366 1
 719 37 462 138 1
 720 138 462 365 1
 721 139 238 317 1
 723 466 235 139 1
 724 466 139 317 1
 726 140 469 358 1
 727 471 141 317 1
 728 141 471 52 1
 729 474 141 239 1
 730 141 474 317 1
 731 478 38 142 1
 732 478 142 357 1
 733 143 479 370 1
 734 481 479 143 1
 735 481 143 293 1
 736 479 481 294 1
 737 483 144 369 1
 738 483 485 144 1
 739 144 485 206 1
 740 485 483 203 1
 741 145 487 295 1
 742 489 487 145 1
 743 489 145 175 1
 744 487 489 173 1
 745 490 488 145 1
 746 490 145 295 1
 747 491 494 146 1
 748 491 146 378 1
 749 146 494 292 1
 750 494 491 294 1
 751 495 147 295 1
 752 249 495 290 1
 753 147 497 496 1
 754 497 147 249 1
 755 498 147 496 1
 756 147 498 295 1
 757 148 499 377 1
 758 501 499 148 1
 759 501 148 209 1
 760 499 501 207 1
 762 506 149 378 1
 763 41 510 150 1
 764 150 510 377 1
 765 151 254 325 1
 767 514 251 151 1
 768 514 151 325 1
 770 152 517 370 1
 771 519 153 325 1
 772 153 519 53 1
 773 522 153 255 1
 774 153 522 325 1
 775 526 42 154 1
 776 526 154 369 1
 777 155 527 382 1
 778 529 527 155 1
 779 529 155 300 1
 780 527 529 301 1
 781 531 156 381 1
 782 531 533 156 1
 783 156 533 210 1
 784 533 531 207 1
 785 157 535 302 1
 786 537 535 157 1
 787 537 157 178 1
 788 535 537 176 1
 789 538 536 157 1
 790 538 157 302 1
 791 539 542 158 1
 792 539 158 346 1
 793 158 542 299 1
 794 542 539 301 1
 795 543 159 302 1
 796 265 543 297 1
 797 159 545 544 1
 798 545 159 265 1
 799 546 159 544 1
 800 159 546 302 1
 801 160 547 345 1
 802 549 547 160 1
 803 549 160 198 1
 804 547 549 195 1
 806 554 161 346 1
 807 45 558 162 1
 808 162 558 345 1
 809 163 559 333 1
 810 559 163 104 1
 811 562 267 163 1
 812 562 163 333 1
 814 164 565 382 1
 815 567 165 333 1
 816 165 567 54 1
 817 570 165 271 1
 818 165 570 333 1
 819 574 46 166 1
 820 574 166 381 1
 821 222 127 65 1
 823 238 139 69 1
 825 254 151 73 1
 