1 419 342 13 1
 2 318 358 14 1
 3 152 143 15 1
 4 164 155 16 1
 5 17 104 5 2
 6 18 12 9 4
 7 13 398 122 1
 8 354 407 13 1
 9 407 419 13 1
 10 14 446 134 1
 11 134 137 14 1
 12 318 14 137 1
 13 15 494 146 1
 14 146 149 15 1
 15 149 323 15 1
 16 16 542 158 1
 17 334 346 161 1
 18 346 334 16 1
 19 17 95 6 2
 20 17 98 7 2
 21 17 101 8 2
 22 9 10 18 4
 23 10 11 18 4
 24 11 12 18 4
 25 385 13 119 1
 26 433 14 131 1
 27 481 15 143 1
 28 529 16 155 1
 29 23 309 127 1
 30 17 51 23 2
 31 24 471 139 1
 32 17 52 24 2
 33 323 152 15 1
 34 17 53 25 2
 36 17 54 26 2
 37 341 427 27 1
 38 555 345 27 1
 39 411 353 28 1
 40 357 475 28 1
 41 138 136 29 1
 42 144 154 29 1
 43 150 148 30 1
 44 156 166 30 1
 45 27 389 120 1
 46 391 783 19 1
 47 217 651 87 1
 48 405 28 124 1
 49 70 347 38 1
 50 127 95 23 1
 51 51 129 23 1
 52 335 77 45 1
 53 28 437 132 1
 56 453 29 136 1
 57 237 360 113 1
 58 139 98 24 1
 59 52 471 24 1
 60 475 411 28 1
 61 29 485 144 1
 64 501 30 148 1
 65 150 372 116 1
 66 151 101 25 1
 67 53 153 25 1
 68 360 154 113 1
 69 30 533 156 1
 72 549 27 160 1
 73 427 555 27 1
 74 559 104 26 1
 75 54 165 26 1
 76 372 274 116 1
 77 211 169 31 1
 78 227 172 35 1
 79 243 175 39 1
 80 259 178 43 1
 81 66 129 51 1
 82 5 51 17 2
 83 70 141 52 1
 84 6 52 17 2
 85 74 153 53 1
 86 7 53 17 2
 87 78 165 54 1
 88 8 54 17 2
 89 213 389 55 1
 90 549 266 55 1
 91 405 218 56 1
 92 229 437 56 1
 93 453 234 57 1
 94 245 485 57 1
 95 501 250 58 1
 96 261 533 58 1
 97 196 213 55 1
 98 214 575 47 1
 99 64 275 216 1
 100 218 200 56 1
 101 110 242 65 1
 102 220 95 65 1
 103 51 224 66 1
 104 269 107 66 1
 105 200 229 56 1
 107 282 68 1003 1
 108 234 204 57 1
 109 359 69 113 1
 110 236 98 69 1
 111 6 70 52 1
 112 242 220 65 1
 113 204 245 57 1
 115 289 601 72 1
 116 250 208 58 1
 117 73 371 8 1
 118 101 73 8 1
 119 7 74 53 1
 120 359 74 7 1
 121 208 261 58 1
 123 296 76 1041 1
 124 266 196 55 1
 125 224 269 66 1
 126 104 77 5 1
 127 54 272 78 1
 128 78 371 116 1
 129 401 215 32 1
 130 391 88 121 1
 131 88 399 123 1
 132 449 231 36 1
 133 170 1590 133 1
 134 135 664 659 1
 135 497 247 40 1
 136 797 1598 145 1
 137 147 671 666 1
 138 545 263 44 1
 139 677 157 804 1
 140 94 543 159 1
 141 23 95 17 2
 142 95 127 65 1
 143 308 309 96 1
 144 422 409 96 1
 145 24 98 17 2
 146 98 139 69 1
 148 470 457 466 1
 149 25 101 17 2
 150 101 151 73 1
 151 324 153 102 1
 152 151 324 102 1
 153 26 104 17 2
 154 104 163 77 1
 156 566 553 570 1
 157 557 429 107 1
 158 336 66 107 1
 159 341 108 130 1
 160 108 342 128 1
 161 345 109 550 1
 162 346 109 161 1
 163 413 477 110 1
 164 65 348 110 1
 165 111 353 126 1
 166 354 111 125 1
 167 357 112 142 1
 168 112 358 140 1
 169 525 359 113 1
 170 461 113 69 1
 171 136 138 114 1
 172 137 134 114 1
 173 526 484 115 1
 174 143 152 115 1
 175 116 573 78 1
 176 371 509 116 1
 177 500 510 117 1
 178 149 146 117 1
 179 166 156 118 1
 180 155 164 118 1
 181 280 392 121 1
 182 119 339 31 1
 183 120 211 31 1
 184 339 120 31 1
 185 393 169 47 1
 186 385 121 88 1
 187 351 122 32 1
 188 400 281 123 1
 189 401 217 87 1
 190 123 398 88 1
 191 215 124 32 1
 192 124 351 32 1
 193 409 308 96 1
 194 352 125 111 1
 195 348 413 110 1
 196 126 352 111 1
 197 127 33 65 1
 198 309 308 127 1
 199 128 340 108 1
 200 307 340 128 1
 201 129 66 34 1
 202 307 129 34 1
 203 429 336 107 1
 204 340 130 108 1
 205 287 440 133 1
 206 131 355 35 1
 207 132 227 35 1
 208 35 438 132 1
 209 48 1277 172 1
 210 1590 433 133 1
 211 134 36 114 1
 212 448 288 135 1
 213 909 89 449 1
 214 135 446 90 1
 215 231 136 36 1
 216 36 136 114 1
 218 37 137 114 1
 219 37 461 69 1
 220 138 37 114 1
 221 139 37 69 1
 222 139 466 457 1
 223 140 356 112 1
 224 315 356 140 1
 225 141 70 38 1
 226 315 141 38 1
 227 477 347 110 1
 228 356 142 112 1
 229 294 488 145 1
 230 39 143 115 1
 231 243 206 71 1
 232 484 526 144 1
 233 175 798 1329 1
 234 294 1598 481 1
 235 146 40 117 1
 236 496 295 147 1
 237 665 497 941 1
 238 147 494 92 1
 239 209 247 72 1
 240 510 500 148 1
 241 326 41 151 1
 242 41 149 117 1
 243 41 509 73 1
 244 510 41 117 1
 245 151 41 73 1
 246 102 326 151 1
 247 152 42 115 1
 248 42 325 153 1
 249 153 74 42 1
 250 325 102 153 1
 251 525 42 74 1
 252 42 526 115 1
 253 301 536 157 1
 254 43 155 118 1
 255 156 259 43 1
 256 156 43 118 1
 257 50 1377 178 1
 258 529 157 94 1
 259 343 158 44 1
 260 544 302 159 1
 261 965 93 545 1
 262 159 542 94 1
 263 263 160 44 1
 264 550 44 160 1
 265 553 332 570 1
 266 344 161 109 1
 267 335 557 107 1
 268 162 344 109 1
 269 163 45 77 1
 270 332 163 570 1
 271 164 46 118 1
 272 164 566 46 1
 273 165 78 46 1
 274 566 165 46 1
 275 573 46 78 1
 276 46 166 118 1
 277 212 168 63 1
 278 67 171 795 1
 279 174 598 582 1
 280 177 602 585 1
 281 212 213 196 1
 282 590 1 196 1
 283 218 216 200 1
 284 228 229 200 1
 285 597 3 204 1
 286 3 598 204 1
 287 601 4 208 1
 288 4 602 208 1
 289 1 212 196 1
 290 212 576 168 1
 291 216 979 2 1
 292 216 2 200 1
 293 242 6 220 1
 294 220 6 95 1
 295 5 224 51 1
 296 5 269 224 1
 297 2 228 200 1
 298 228 579 171 1
 300 3 597 998 1
 301 236 359 7 1
 302 236 7 98 1
 303 598 3 582 1
 306 4 601 1017 1
 307 602 4 585 1
 310 1 590 1036 1
 311 8 272 54 1
 312 371 272 8 1
 313 399 652 276 1
 314 279 391 19 1
 315 399 279 19 1
 322 543 673 297 1
 324 543 677 22 1
 325 308 33 127 1
 326 308 352 33 1
 327 457 37 139 1
 328 37 457 137 1
 329 324 25 153 1
 330 25 324 151 1
 331 332 45 163 1
 332 332 344 45 1
 333 429 428 336 1
 334 336 34 66 1
 335 340 428 130 1
 336 340 307 34 1
 337 556 344 162 1
 338 344 332 161 1
 339 412 413 348 1
 340 33 348 65 1
 341 412 352 126 1
 342 352 308 125 1
 343 356 476 142 1
 344 356 315 38 1
 345 360 29 154 1
 346 29 360 138 1
 347 372 30 166 1
 348 30 372 150 1
 349 169 392 31 1
 350 31 392 119 1
 351 400 401 32 1
 352 400 32 122 1
 353 33 412 348 1
 354 412 33 352 1
 355 428 34 336 1
 356 34 428 340 1
 357 172 440 35 1
 358 35 440 131 1
 359 448 449 36 1
 360 448 36 134 1
 361 347 476 38 1
 362 38 476 356 1
 363 484 243 39 1
 364 484 39 115 1
 365 175 488 39 1
 366 39 488 143 1
 367 496 497 40 1
 368 496 40 146 1
 369 247 500 40 1
 370 40 500 117 1
 371 178 536 43 1
 372 43 536 155 1
 373 544 545 44 1
 374 544 44 158 1
 375 556 335 45 1
 376 556 45 344 1
 377 393 784 167 1
 378 169 214 47 1
 379 169 393 392 1
 381 795 48 172 1
 382 172 1277 440 1
 384 802 49 175 1
 385 175 1329 488 1
 387 809 50 178 1
 388 178 1377 536 1
 389 195 549 55 1
 390 389 195 55 1
 391 389 213 197 1
 392 211 120 197 1
 393 266 549 198 1
 394 160 263 198 1
 395 437 199 56 1
 396 199 405 56 1
 397 218 405 201 1
 398 124 215 201 1
 399 437 229 202 1
 400 227 132 202 1
 401 485 203 57 1
 402 203 453 57 1
 403 234 453 205 1
 404 136 231 205 1
 405 485 245 206 1
 406 144 206 484 1
 407 533 207 58 1
 408 207 501 58 1
 409 250 501 209 1
 410 209 148 500 1
 411 533 261 210 1
 412 259 156 210 1
 413 214 211 63 1
 414 63 211 197 1
 415 213 212 63 1
 416 213 63 197 1
 417 214 63 168 1
 418 211 214 169 1
 419 215 64 201 1
 420 215 277 64 1
 421 123 217 400 1
 422 217 123 276 1
 423 216 218 64 1
 424 64 218 201 1
 425 242 110 347 1
 427 107 269 335 1
 430 67 227 202 1
 431 229 228 67 1
 432 229 67 202 1
 433 795 171 578 1
 434 48 795 578 1
 435 231 68 205 1
 436 1003 68 231 1
 437 135 909 448 1
 438 909 283 658 1
 439 597 282 998 1
 440 68 234 205 1
 441 113 461 237 1
 442 237 138 360 1
 443 6 242 70 1
 444 70 242 347 1
 445 802 174 581 1
 446 206 243 484 1
 447 598 174 71 1
 448 245 71 206 1
 449 174 802 71 1
 450 49 802 581 1
 451 247 209 500 1
 452 1022 72 247 1
 453 147 941 496 1
 454 941 290 665 1
 455 601 289 1017 1
 456 72 250 209 1
 458 75 259 210 1
 459 75 177 809 1
 460 261 75 210 1
 461 809 177 584 1
 462 50 809 584 1
 463 263 76 198 1
 464 1041 76 263 1
 465 159 965 544 1
 466 965 297 672 1
 467 590 296 1036 1
 468 76 266 198 1
 469 269 5 77 1
 470 269 77 335 1
 471 573 116 274 1
 472 166 274 372 1
 473 275 64 277 1
 474 401 277 215 1
 475 277 980 275 1
 476 398 278 88 1
 477 278 385 88 1
 478 121 385 280 1
 479 280 119 392 1
 480 398 123 281 1
 481 122 281 400 1
 482 68 282 597 1
 483 449 1003 231 1
 485 446 285 90 1
 486 285 433 90 1
 487 133 433 287 1
 488 287 131 440 1
 489 446 135 288 1
 490 134 288 448 1
 491 289 1022 1018 1
 492 497 1022 247 1
 494 494 292 92 1
 495 292 481 92 1
 496 1598 294 145 1
 497 294 143 488 1
 498 494 147 295 1
 499 146 295 496 1
 500 76 296 590 1
 501 545 1041 263 1
 503 542 299 94 1
 504 299 529 94 1
 505 157 529 301 1
 506 301 155 536 1
 507 542 159 302 1
 508 158 302 544 1
 509 307 422 96 1
 510 307 309 129 1
 511 309 307 96 1
 512 129 309 23 1
 513 409 422 310 1
 514 419 407 310 1
 515 315 470 466 1
 516 315 466 141 1
 517 141 466 471 1
 519 457 470 318 1
 520 358 318 140 1
 521 323 326 102 1
 522 325 323 102 1
 523 323 325 152 1
 524 152 325 42 1
 525 326 323 149 1
 526 326 149 41 1
 528 570 165 566 1
 530 165 559 26 1
 531 553 566 334 1
 532 334 164 16 1
 534 557 335 556 1
 535 429 557 337 1
 536 555 427 337 1
 537 339 386 108 1
 538 390 339 108 1
 539 341 390 108 1
 540 120 341 27 1
 541 386 342 108 1
 542 342 119 13 1
 543 541 343 109 1
 544 343 550 109 1
 545 109 345 162 1
 546 345 160 27 1
 547 346 541 109 1
 548 158 346 16 1
 550 347 477 476 1
 551 477 413 349 1
 552 411 475 349 1
 553 397 351 111 1
 554 351 406 111 1
 555 406 353 111 1
 556 353 124 28 1
 557 354 397 111 1
 558 122 354 13 1
 559 355 434 112 1
 560 438 355 112 1
 561 357 438 112 1
 562 132 357 28 1
 563 434 358 112 1
 564 358 131 14 1
 565 69 359 236 1
 566 359 525 74 1
 567 509 371 73 1
 568 371 78 272 1
 569 385 119 280 1
 570 13 385 278 1
 571 119 386 339 1
 572 386 119 342 1
 573 120 389 197 1
 574 389 27 195 1
 575 390 120 339 1
 576 120 390 341 1
 577 88 391 279 1
 578 391 121 167 1
 579 393 121 392 1
 580 121 393 167 1
 581 397 122 351 1
 582 122 397 354 1
 583 122 398 281 1
 584 398 13 278 1
 585 399 88 279 1
 586 123 399 276 1
 587 217 401 400 1
 588 277 401 87 1
 589 405 124 201 1
 590 28 405 199 1
 591 124 406 351 1
 592 406 124 353 1
 593 125 407 354 1
 594 407 125 310 1
 595 409 125 308 1
 596 125 409 310 1
 597 411 126 353 1
 598 126 411 349 1
 599 413 412 126 1
 600 413 126 349 1
 601 128 419 310 1
 602 419 128 342 1
 603 128 422 307 1
 604 422 128 310 1
 605 130 427 341 1
 606 427 130 337 1
 607 428 429 130 1
 608 130 429 337 1
 609 433 131 287 1
 610 14 433 285 1
 611 131 434 355 1
 612 434 131 358 1
 613 132 437 202 1
 614 437 28 199 1
 615 438 35 355 1
 616 132 438 357 1
 617 20 664 790 1
 618 170 133 1277 1
 619 1277 133 440 1
 620 170 1277 791 1
 621 134 446 288 1
 622 446 14 285 1
 623 664 20 659 1
 624 135 659 283 1
 625 909 449 448 1
 626 1003 89 999 1
 627 453 136 205 1
 628 29 453 203 1
 630 137 457 318 1
 631 138 461 37 1
 632 461 138 237 1
 634 141 471 52 1
 635 142 475 357 1
 636 475 142 349 1
 637 477 142 476 1
 638 142 477 349 1
 639 481 143 294 1
 640 15 481 292 1
 641 144 485 206 1
 642 485 29 203 1
 643 21 1598 797 1
 644 797 145 173 1
 645 1329 145 488 1
 646 173 1329 798 1
 647 146 494 295 1
 648 494 15 292 1
 649 671 21 666 1
 650 147 666 290 1
 651 941 497 496 1
 652 1022 91 1018 1
 653 501 148 209 1
 654 30 501 207 1
 655 510 509 41 1
 656 509 150 116 1
 657 509 510 150 1
 658 150 510 148 1
 659 525 526 42 1
 660 154 525 113 1
 661 526 525 154 1
 662 526 154 144 1
 663 529 155 301 1
 664 16 529 299 1
 665 156 533 210 1
 666 533 30 207 1
 667 22 677 804 1
 668 804 157 176 1
 669 1377 157 536 1
 670 176 1377 805 1
 671 541 158 343 1
 672 158 541 346 1
 673 158 542 302 1
 674 542 16 299 1
 675 543 94 677 1
 676 159 297 965 1
 677 965 545 544 1
 678 1041 93 1037 1
 679 549 160 198 1
 680 27 549 195 1
 681 44 550 343 1
 682 550 160 345 1
 683 555 162 345 1
 684 162 555 337 1
 685 162 557 556 1
 686 557 162 337 1
 688 559 163 104 1
 690 566 164 334 1
 691 573 166 46 1
 692 166 573 274 1
 693 1 576 212 1
 694 2 579 228 1
 697 19 652 399 1
 700 22 673 543 1
 701 47 784 393 1
 705 87 980 277 1
 709 471 466 139 1
 711 570 559 165 1
 712 570 163 559 1
 713 168 575 214 1
 717 276 651 217 1
 721 167 783 391 1
 725 275 979 216 1
 729 171 67 228 1
 732 909 135 283 1
 734 941 147 290 1
 735 177 75 602 1
 738 297 159 543 1
 741 140 470 315 1
 742 470 140 318 1
 744 145 1329 173 1
 746 157 1377 176 1
 747 553 161 332 1
 748 161 553 334 1
 749 266 590 196 1
 750 590 266 76 1
 751 234 597 204 1
 752 597 234 68 1
 753 598 245 204 1
 754 245 598 71 1
 755 250 601 208 1
 756 601 250 72 1
 757 602 261 208 1
 758 261 602 75 1
 760 433 1590 90 1
 762 90 664 135 1
 764 481 1598 92 1
 766 92 671 147 1
 768 677 94 157 1
 769 227 795 172 1
 770 67 795 227 1
 771 243 802 175 1
 772 802 243 71 1
 773 259 809 178 1
 774 75 809 259 1
 776 89 909 658 1
 778 497 665 91 1
 780 93 965 672 1
 781 1003 999 282 1
 783 89 1003 449 1
 785 91 1022 497 1
 786 1022 289 72 1
 787 1041 1037 296 1
 789 93 1041 545 1
 792 1277 48 791 1
 794 798 175 49 1
 796 1377 50 805 1
 798 1590 170 790 1
 799 1590 664 90 1
 800 664 1590 790 1
 801 1598 671 92 1
 802 1598 21 671 1
 