1 128 119 13 1
 2 318 358 14 1
 3 515 370 15 1
 4 164 155 16 1
 5 17 104 5 2
 6 18 12 9 4
 7 13 398 122 1
 8 122 125 13 1
 9 125 307 13 1
 10 14 446 134 1
 11 366 455 14 1
 12 455 318 14 1
 13 15 494 146 1
 14 326 378 149 1
 15 378 326 15 1
 16 16 542 158 1
 17 158 161 16 1
 18 161 331 16 1
 19 17 95 6 2
 20 17 98 7 2
 21 17 101 8 2
 22 9 10 18 4
 23 10 11 18 4
 24 11 12 18 4
 25 385 13 119 1
 26 433 14 131 1
 27 481 15 143 1
 28 529 16 155 1
 29 307 128 13 1
 30 17 51 23 2
 31 317 463 24 1
 32 17 52 24 2
 33 25 325 151 1
 34 17 53 25 2
 35 331 164 16 1
 36 17 54 26 2
 37 120 130 27 1
 38 162 160 27 1
 39 126 124 28 1
 40 357 475 28 1
 41 459 365 29 1
 42 369 523 29 1
 43 507 377 30 1
 44 156 166 30 1
 45 27 389 120 1
 48 405 28 124 1
 49 239 347 468 1
 50 415 95 23 1
 51 51 129 23 1
 52 336 429 107 1
 53 28 437 132 1
 54 439 798 20 1
 55 233 658 89 1
 56 453 29 136 1
 57 74 359 42 1
 58 463 98 24 1
 59 52 141 24 1
 60 28 349 126 1
 61 29 485 144 1
 62 487 805 21 1
 64 501 30 148 1
 65 78 371 46 1
 66 151 101 25 1
 67 53 519 25 1
 68 523 459 29 1
 69 30 533 156 1
 72 549 27 160 1
 73 557 336 107 1
 74 163 104 26 1
 75 54 567 26 1
 76 373 507 30 1
 77 211 169 31 1
 78 227 172 35 1
 79 243 175 39 1
 80 259 178 43 1
 81 66 129 51 1
 82 5 51 17 2
 83 70 141 52 1
 84 6 52 17 2
 85 74 153 53 1
 86 7 53 17 2
 87 78 165 54 1
 88 8 54 17 2
 89 213 389 55 1
 90 549 266 55 1
 91 405 218 56 1
 92 67 437 56 1
 93 453 234 57 1
 94 245 485 57 1
 95 501 72 58 1
 96 261 533 58 1
 97 196 213 55 1
 99 64 275 971 1
 100 218 200 56 1
 101 350 242 65 1
 102 95 65 6 1
 103 5 66 51 1
 104 335 66 5 1
 105 56 228 67 1
 106 230 578 48 1
 107 68 282 232 1
 108 234 204 57 1
 109 360 258 69 1
 110 236 98 69 1
 111 52 242 70 1
 112 242 6 65 1
 113 204 245 57 1
 114 246 581 49 1
 115 289 72 1014 1
 116 248 58 72 1
 117 116 274 73 1
 118 274 101 73 1
 119 53 256 74 1
 120 258 236 69 1
 121 208 261 58 1
 123 76 296 1028 1
 124 266 196 55 1
 125 77 335 5 1
 126 104 77 5 1
 127 8 78 54 1
 129 401 215 32 1
 130 791 1574 121 1
 131 123 657 652 1
 132 449 231 36 1
 133 439 90 133 1
 134 90 447 135 1
 135 497 247 40 1
 136 487 92 145 1
 137 92 495 147 1
 138 545 263 44 1
 139 812 1582 157 1
 140 159 678 673 1
 141 23 95 17 2
 142 95 127 65 1
 143 308 309 96 1
 144 127 308 96 1
 145 24 98 17 2
 146 98 139 69 1
 147 317 99 139 1
 148 99 318 137 1
 149 25 101 17 2
 150 101 151 73 1
 151 514 325 102 1
 152 326 505 102 1
 153 26 104 17 2
 154 104 163 77 1
 155 332 165 105 1
 156 334 332 105 1
 157 557 107 77 1
 158 107 429 66 1
 159 430 388 108 1
 160 119 128 108 1
 161 548 558 109 1
 162 161 158 109 1
 163 413 349 110 1
 165 124 126 111 1
 166 125 122 111 1
 167 357 112 142 1
 168 112 358 140 1
 169 461 525 113 1
 170 258 360 113 1
 171 114 365 138 1
 172 366 114 137 1
 173 369 115 154 1
 174 115 370 152 1
 175 373 116 150 1
 176 73 372 116 1
 177 117 377 150 1
 178 378 117 149 1
 179 166 156 118 1
 180 155 164 118 1
 181 280 392 121 1
 182 31 119 108 1
 183 211 197 63 1
 184 388 430 120 1
 185 169 792 1189 1
 186 280 1574 385 1
 187 122 32 111 1
 188 400 281 123 1
 189 651 401 885 1
 190 123 398 88 1
 191 215 124 32 1
 192 32 124 111 1
 193 310 33 127 1
 194 33 125 111 1
 195 350 413 110 1
 196 126 33 111 1
 197 127 33 65 1
 198 96 310 127 1
 199 128 34 108 1
 200 34 309 129 1
 201 129 66 34 1
 202 309 308 129 1
 203 429 34 66 1
 204 34 430 108 1
 205 287 440 133 1
 206 131 355 35 1
 207 132 227 35 1
 208 355 132 35 1
 209 48 1249 172 1
 210 433 133 90 1
 211 363 134 36 1
 212 448 288 135 1
 213 449 233 89 1
 214 135 446 90 1
 215 231 136 36 1
 216 136 363 36 1
 217 137 316 99 1
 218 364 137 114 1
 219 360 461 113 1
 220 138 364 114 1
 221 139 37 69 1
 222 316 139 99 1
 223 140 356 112 1
 224 140 468 356 1
 225 474 239 468 1
 226 239 474 141 1
 227 142 347 110 1
 228 356 142 112 1
 229 294 488 145 1
 230 143 367 39 1
 231 144 243 39 1
 232 367 144 39 1
 233 489 175 49 1
 234 481 145 92 1
 235 375 146 40 1
 236 496 295 147 1
 237 933 91 497 1
 238 147 494 92 1
 239 247 148 40 1
 240 148 375 40 1
 241 505 514 102 1
 242 376 149 117 1
 243 372 150 116 1
 244 150 376 117 1
 245 251 514 504 1
 247 152 368 115 1
 248 323 152 102 1
 249 153 74 42 1
 250 323 153 42 1
 251 525 359 113 1
 252 368 154 115 1
 253 301 536 157 1
 254 43 155 118 1
 255 156 259 43 1
 256 156 43 118 1
 257 178 813 1393 1
 258 301 1582 529 1
 259 158 44 109 1
 260 544 302 159 1
 261 672 545 961 1
 262 159 542 94 1
 263 198 263 76 1
 264 558 548 160 1
 265 334 45 163 1
 266 45 161 109 1
 267 45 557 77 1
 268 558 45 109 1
 269 163 45 77 1
 270 332 334 163 1
 271 164 46 118 1
 272 46 333 165 1
 273 165 78 46 1
 274 333 105 165 1
 275 46 573 166 1
 276 46 166 118 1
 277 576 168 63 1
 278 228 171 67 1
 279 244 174 71 1
 280 585 177 75 1
 281 576 213 196 1
 282 266 1028 196 1
 283 218 971 200 1
 284 228 56 200 1
 285 234 232 204 1
 286 244 245 204 1
 287 58 248 208 1
 288 585 261 208 1
 289 1 576 196 1
 292 971 2 200 1
 293 2 228 200 1
 294 228 579 171 1
 295 232 990 3 1
 296 232 3 204 1
 297 258 256 236 1
 298 236 7 98 1
 299 6 242 52 1
 301 3 244 204 1
 302 244 582 174 1
 303 248 1009 4 1
 304 248 4 208 1
 306 274 8 101 1
 307 7 256 53 1
 308 256 7 236 1
 309 4 585 208 1
 312 1028 1 196 1
 316 447 659 283 1
 317 286 439 20 1
 318 447 286 20 1
 319 495 666 290 1
 320 293 487 21 1
 321 495 293 21 1
 325 308 23 129 1
 326 308 415 23 1
 327 316 37 139 1
 328 456 316 137 1
 329 514 251 151 1
 331 567 332 26 1
 332 26 332 163 1
 333 27 336 162 1
 334 336 27 130 1
 335 33 413 350 1
 336 33 350 65 1
 337 356 476 142 1
 339 460 461 360 1
 340 37 360 69 1
 341 460 364 138 1
 342 364 456 137 1
 343 368 524 154 1
 344 516 368 152 1
 345 372 508 150 1
 346 372 251 504 1
 347 508 376 150 1
 348 505 504 514 1
 349 388 211 31 1
 350 388 31 108 1
 351 169 392 31 1
 352 31 392 119 1
 353 400 401 32 1
 354 400 32 122 1
 355 172 440 35 1
 356 35 440 131 1
 357 448 449 36 1
 358 448 36 134 1
 359 456 37 316 1
 360 37 456 364 1
 361 37 460 360 1
 362 460 37 364 1
 363 347 476 468 1
 364 468 476 356 1
 365 175 488 39 1
 366 39 488 143 1
 367 496 497 40 1
 368 496 40 146 1
 369 504 508 372 1
 370 508 504 376 1
 371 516 42 368 1
 372 516 323 42 1
 373 359 524 42 1
 374 42 524 368 1
 375 178 536 43 1
 376 43 536 155 1
 377 544 545 44 1
 378 44 302 544 1
 379 263 548 44 1
 380 44 548 109 1
 382 796 47 169 1
 383 169 1189 392 1
 385 172 230 48 1
 386 172 1249 440 1
 387 489 806 173 1
 388 175 246 49 1
 389 175 489 488 1
 391 817 50 178 1
 392 178 1393 536 1
 393 195 549 55 1
 394 389 195 55 1
 395 389 213 197 1
 396 120 197 388 1
 397 266 549 198 1
 398 198 160 548 1
 399 437 199 56 1
 400 199 405 56 1
 401 218 405 201 1
 402 124 215 201 1
 403 437 67 202 1
 404 227 132 202 1
 405 485 203 57 1
 406 203 453 57 1
 407 234 453 205 1
 408 136 231 205 1
 409 485 245 206 1
 410 243 144 206 1
 411 533 207 58 1
 412 207 501 58 1
 413 72 501 209 1
 414 148 247 209 1
 415 533 261 210 1
 416 259 156 210 1
 417 796 168 575 1
 418 197 211 388 1
 419 213 576 63 1
 420 213 63 197 1
 421 168 796 63 1
 422 47 796 575 1
 423 215 64 201 1
 424 976 64 215 1
 425 123 885 400 1
 426 885 276 651 1
 427 971 218 64 1
 428 64 218 201 1
 429 230 227 67 1
 430 67 227 202 1
 431 230 67 171 1
 432 227 230 172 1
 433 231 68 205 1
 434 231 284 68 1
 435 135 233 448 1
 436 233 135 283 1
 437 232 234 68 1
 438 68 234 205 1
 440 70 242 110 1
 441 246 243 71 1
 442 71 243 206 1
 443 245 244 71 1
 444 245 71 206 1
 445 246 71 174 1
 446 243 246 175 1
 447 247 72 209 1
 448 1014 72 247 1
 449 147 933 496 1
 450 933 290 665 1
 451 274 116 371 1
 453 256 258 74 1
 454 359 258 113 1
 456 75 259 210 1
 457 261 585 75 1
 458 261 75 210 1
 459 817 177 584 1
 460 50 817 584 1
 461 263 198 548 1
 462 1033 76 263 1
 463 159 961 544 1
 464 961 297 672 1
 465 1028 266 76 1
 466 76 266 198 1
 467 8 274 78 1
 468 78 274 371 1
 469 976 275 64 1
 470 401 976 215 1
 472 398 278 88 1
 473 278 385 88 1
 474 1574 280 121 1
 475 280 119 392 1
 476 398 123 281 1
 477 122 281 400 1
 478 282 68 284 1
 479 449 284 231 1
 480 284 991 282 1
 481 446 285 90 1
 482 285 433 90 1
 483 133 433 287 1
 484 287 131 440 1
 485 446 135 288 1
 486 134 288 448 1
 487 72 289 248 1
 488 497 1014 247 1
 490 494 292 92 1
 491 292 481 92 1
 492 145 481 294 1
 493 294 143 488 1
 494 494 147 295 1
 495 146 295 496 1
 496 296 1033 1029 1
 497 545 1033 263 1
 499 542 299 94 1
 500 299 529 94 1
 501 1582 301 157 1
 502 301 155 536 1
 503 542 159 302 1
 504 302 44 158 1
 505 307 409 96 1
 506 309 307 96 1
 507 307 309 128 1
 508 128 309 34 1
 509 409 310 96 1
 510 310 125 33 1
 511 474 470 99 1
 513 317 474 99 1
 514 141 317 24 1
 515 470 318 99 1
 516 358 318 140 1
 517 152 323 516 1
 518 323 102 153 1
 519 325 153 102 1
 520 519 325 25 1
 521 152 326 102 1
 522 326 515 15 1
 523 331 334 105 1
 524 566 331 105 1
 525 333 566 105 1
 526 164 333 46 1
 527 334 331 161 1
 528 334 161 45 1
 529 335 107 66 1
 530 107 335 77 1
 531 110 347 70 1
 532 347 142 476 1
 533 349 142 110 1
 534 475 349 28 1
 536 350 110 242 1
 537 355 434 112 1
 538 438 355 112 1
 539 357 438 112 1
 540 132 357 28 1
 541 434 358 112 1
 542 358 131 14 1
 543 258 359 74 1
 544 359 525 524 1
 545 525 461 361 1
 546 459 523 361 1
 547 445 363 114 1
 548 363 454 114 1
 549 454 365 114 1
 550 365 136 29 1
 551 366 445 114 1
 552 134 366 14 1
 553 367 482 115 1
 554 486 367 115 1
 555 369 486 115 1
 556 144 369 29 1
 557 482 370 115 1
 558 370 143 15 1
 560 573 371 116 1
 561 373 573 116 1
 562 166 373 30 1
 563 493 375 117 1
 564 375 502 117 1
 565 502 377 117 1
 566 377 148 30 1
 567 378 493 117 1
 568 146 378 15 1
 569 385 119 280 1
 570 13 385 278 1
 571 120 389 197 1
 572 389 27 195 1
 573 19 1574 791 1
 574 791 121 167 1
 575 1189 121 392 1
 576 167 1189 792 1
 577 122 398 281 1
 578 398 13 278 1
 579 657 19 652 1
 580 123 652 276 1
 581 885 401 400 1
 582 976 87 972 1
 583 405 124 201 1
 584 28 405 199 1
 585 409 125 310 1
 586 125 409 307 1
 587 413 33 126 1
 588 413 126 349 1
 589 127 415 308 1
 590 415 127 95 1
 591 429 430 34 1
 592 429 336 130 1
 593 430 429 130 1
 594 430 130 120 1
 595 433 131 287 1
 596 14 433 285 1
 597 131 434 355 1
 598 434 131 358 1
 599 132 437 202 1
 600 437 28 199 1
 601 438 132 355 1
 602 132 438 357 1
 603 90 439 286 1
 604 170 133 1249 1
 605 1249 133 440 1
 606 170 1249 799 1
 607 445 134 363 1
 608 134 445 366 1
 609 134 446 288 1
 610 446 14 285 1
 611 447 90 286 1
 612 135 447 283 1
 613 233 449 448 1
 614 284 449 89 1
 615 453 136 205 1
 616 29 453 203 1
 617 136 454 363 1
 618 454 136 365 1
 619 137 455 366 1
 620 455 137 318 1
 621 459 138 365 1
 622 138 459 361 1
 623 461 460 138 1
 624 461 138 361 1
 625 139 463 317 1
 626 463 139 98 1
 627 468 470 474 1
 628 470 140 318 1
 630 141 474 317 1
 631 142 475 357 1
 632 475 142 349 1
 633 481 143 294 1
 634 15 481 292 1
 635 143 482 367 1
 636 482 143 370 1
 637 144 485 206 1
 638 485 29 203 1
 639 486 144 367 1
 640 144 486 369 1
 641 92 487 293 1
 642 487 145 173 1
 643 489 145 488 1
 644 145 489 173 1
 645 493 146 375 1
 646 146 493 378 1
 647 146 494 295 1
 648 494 15 292 1
 649 495 92 293 1
 650 147 290 933 1
 651 933 497 496 1
 652 1014 91 1010 1
 653 501 148 209 1
 654 30 501 207 1
 655 148 502 375 1
 656 502 148 377 1
 657 504 505 149 1
 658 149 505 326 1
 659 507 150 377 1
 660 150 507 373 1
 662 514 151 325 1
 663 152 515 326 1
 664 515 152 370 1
 665 519 153 325 1
 666 153 519 53 1
 667 154 523 369 1
 668 523 154 361 1
 669 525 154 524 1
 670 154 525 361 1
 671 529 155 301 1
 672 16 529 299 1
 673 156 533 210 1
 674 533 30 207 1
 675 22 1582 812 1
 676 812 157 176 1
 677 1393 157 536 1
 678 176 1393 813 1
 679 158 542 302 1
 680 542 16 299 1
 681 678 22 673 1
 682 159 673 297 1
 683 961 545 544 1
 684 1033 93 1029 1
 685 549 160 198 1
 686 27 549 195 1
 687 558 557 45 1
 688 336 557 162 1
 689 557 558 162 1
 690 162 558 160 1
 691 164 566 333 1
 692 566 164 331 1
 693 567 165 332 1
 694 165 567 54 1
 695 573 46 371 1
 696 166 573 373 1
 698 2 579 228 1
 699 3 582 244 1
 702 20 659 447 1
 703 21 666 495 1
 706 470 468 140 1
 708 376 504 149 1
 711 49 806 489 1
 714 89 991 284 1
 718 171 578 230 1
 719 174 581 246 1
 722 283 658 233 1
 726 170 798 439 1
 727 173 805 487 1
 730 282 990 232 1
 731 289 1009 248 1
 734 885 123 276 1
 735 239 70 347 1
 736 70 239 141 1
 738 290 147 495 1
 739 251 73 151 1
 740 73 251 372 1
 741 817 75 177 1
 744 961 159 297 1
 746 121 1189 167 1
 748 133 170 439 1
 750 157 1393 176 1
 752 385 1574 88 1
 754 88 657 123 1
 756 529 1582 94 1
 758 94 678 159 1
 759 211 796 169 1
 760 796 211 63 1
 761 259 817 178 1
 762 75 817 259 1
 764 401 651 87 1
 766 91 933 665 1
 768 545 672 93 1
 769 976 972 275 1
 771 87 976 401 1
 773 1014 1010 289 1
 775 91 1014 497 1
 777 93 1033 545 1
 778 1033 296 76 1
 780 792 169 47 1
 782 1249 48 799 1
 784 813 178 50 1
 785 1574 657 88 1
 786 1574 19 657 1
 787 1582 678 94 1
 788 1582 22 678 1
 