1	 0.0003	 -9.98879e-09	 0
2	 -5.56644e-07	 0.000299999	 0
3	 -0.0003	 1.38735e-08	 0
4	 -5.78252e-07	 -0.000299999	 0
5	 0.000192075	 -7.57386e-08	 0.000376266
6	 4.28688e-05	 0.000149923	 0.000391686
7	 -0.000106336	 -7.78664e-08	 0.000407105
8	 4.28708e-05	 -0.000150077	 0.000391684
9	 0.00047	 0.00047	 0
10	 -0.00047	 0.00047	 0
11	 -0.00047	 -0.00047	 0
12	 0.00047	 -0.00047	 0
13	 0.000217924	 0.000211964	 0.000220204
14	 -0.000201735	 0.000208551	 0.000242309
15	 -0.000201717	 -0.000208624	 0.00024228
16	 0.000217958	 -0.000211954	 0.000220241
17	 4.28698e-05	 -7.68025e-08	 0.000391685
18	 0	 0	 0
19	 0.000212185	 0.000212079	 0
20	 -0.000212187	 0.000212077	 0
21	 -0.000212073	 -0.000212191	 0
22	 0.000212276	 -0.000211988	 0
23	 0.000148143	 0.000106221	 0.000380806
24	 -6.28643e-05	 0.000105757	 0.000402613
25	 -6.24038e-05	 -0.000106374	 0.000402564
26	 0.000148604	 -0.000105911	 0.000380758
27	 0.000317421	 3.0623e-08	 0.000172708
28	 1.35277e-06	 0.000311312	 0.00018724
29	 -0.000305025	 -4.68603e-08	 0.000201146
30	 1.42291e-06	 -0.000311355	 0.000187188
31	 0.000284751	 0.000150112	 0.000125523
32	 0.000150017	 0.000283483	 0.000130648
34	 0.000255683	 0.000100543	 0.000284358
35	 -0.000148053	 0.000281295	 0.000143116
36	 -0.0002797	 0.000148077	 0.000148695
37	 -0.00021992	 9.87558e-05	 0.000317121
38	 -8.70325e-05	 0.000236709	 0.000306582
39	 -0.000279696	 -0.000148101	 0.000148711
40	 -0.00014805	 -0.000281326	 0.000143042
41	 -8.69174e-05	 -0.000236884	 0.000306488
42	 -0.000219845	 -9.89502e-05	 0.000317137
43	 0.000150043	 -0.000283491	 0.000130707
44	 0.000284773	 -0.000150098	 0.000125394
45	 0.000255732	 -0.000100554	 0.000284318
46	 0.000112977	 -0.000239867	 0.000294399
47	 0.000277062	 0.000115051	 0
48	 -0.000115382	 0.000276924	 0
49	 -0.000276998	 -0.000115205	 0
50	 0.000114941	 -0.000277108	 0
51	 0.000180655	 5.74772e-05	 0.000377446
52	 -1.43793e-05	 0.000138442	 0.000397602
53	 -9.49155e-05	 -5.76309e-05	 0.000405924
54	 0.000100119	 -0.000138596	 0.000385768
55	 0.000320814	 1.62899e-08	 8.64083e-05
56	 4.99159e-07	 0.000319842	 9.45463e-05
57	 -0.000318816	 -2.59072e-08	 0.000102638
58	 5.37455e-07	 -0.000319855	 9.45151e-05
59	 0	 0.00047	 0
60	 -0.00047	 0	 0
61	 0	 -0.00047	 0
62	 0.00047	 0	 0
63	 0.000307118	 7.97747e-05	 6.11639e-05
64	 7.96049e-05	 0.000306794	 6.40218e-05
65	 8.03536e-05	 0.000202144	 0.000348615
66	 0.000231146	 5.2387e-05	 0.000334933
67	 -8.00972e-05	 0.000307078	 7.06365e-05
68	 -0.000306772	 8.00138e-05	 7.37869e-05
69	 -0.00017189	 5.23261e-05	 0.000371198
70	 -2.44497e-05	 0.000202569	 0.000356985
71	 -0.000306737	 -8.01448e-05	 7.37705e-05
72	 -7.99998e-05	 -0.000307114	 7.06151e-05
73	 -2.43387e-05	 -0.0002026	 0.000357046
74	 -0.000172037	 -5.24577e-05	 0.000371095
75	 7.96706e-05	 -0.000306786	 6.40302e-05
76	 0.000307128	 -7.97337e-05	 6.11147e-05
77	 0.000231307	 -5.24312e-05	 0.000334773
78	 8.03932e-05	 -0.00020237	 0.000348483
79	 0.000117472	 -7.62705e-08	 0.000383975
80	 4.28693e-05	 7.49232e-05	 0.000391685
81	 -3.17329e-05	 -7.73344e-08	 0.000399395
82	 4.28703e-05	 -7.50768e-05	 0.000391685
83	 0.000235	 0.000235	 0
84	 -0.000235	 0.000235	 0
85	 -0.000235	 -0.000235	 0
86	 0.000235	 -0.000235	 0
87	 0.000115483	 0.000276882	 0
88	 0.000227405	 0.000227159	 0.00012708
89	 -0.000276922	 0.000115388	 0
90	 -0.000224081	 0.000224495	 0.000145312
91	 -0.000115551	 -0.000276854	 0
92	 -0.000224073	 -0.000224528	 0.000145282
93	 0.000276869	 -0.000115514	 0
94	 0.000227439	 -0.00022715	 0.000127049
95	 9.98175e-05	 0.000138568	 0.000385801
96	 0.000193414	 0.000178987	 0.000299415
97	 9.55066e-05	 5.30719e-05	 0.000386246
98	 -9.50403e-05	 5.71741e-05	 0.000405937
99	 -0.000160357	 0.000174756	 0.00032262
100	 -9.99727e-06	 5.28403e-05	 0.000397149
101	 -1.40779e-05	 -0.000138721	 0.00039757
102	 -0.000160249	 -0.000174951	 0.000322589
103	 -9.76699e-06	 -5.32255e-05	 0.000397125
104	 0.00018078	 -5.73277e-05	 0.000377433
105	 0.000193502	 -0.000178952	 0.000299422
106	 9.57369e-05	 -5.29939e-05	 0.000386221
107	 0.000269317	 -7.4716e-08	 0.000293703
108	 0.000280116	 0.000129281	 0.00020869
109	 0.000280173	 -0.000129242	 0.00020863
110	 1.3061e-05	 0.000250323	 0.000311015
111	 0.000135892	 0.000271905	 0.000217203
112	 -0.000121681	 0.000269968	 0.000230483
113	 -0.000230284	 -1.54709e-07	 0.000328532
114	 -0.000260976	 0.000128254	 0.000239627
115	 -0.000260924	 -0.000128347	 0.000239673
116	 1.33547e-05	 -0.000250366	 0.000311019
117	 -0.00012164	 -0.000270073	 0.000230369
118	 0.000135951	 -0.000271907	 0.000217221
119	 0.000257227	 0.000184697	 0.000173346
120	 0.000311082	 7.75664e-05	 0.000148978
121	 0.00025703	 0.000185972	 6.19735e-05
122	 0.000187591	 0.000253682	 0.000175857
123	 0.00018639	 0.000256904	 6.44421e-05
124	 7.78831e-05	 0.000307668	 0.000159305
125	 0.000167484	 0.000231269	 0.000261695
126	 5.92456e-05	 0.00028559	 0.000245683
127	 0.00013424	 0.000180618	 0.000343392
128	 0.000242512	 0.000158391	 0.000256113
129	 0.000208712	 0.000106391	 0.00033693
130	 0.000296008	 5.23292e-05	 0.000232751
131	 -0.000178835	 0.00025094	 0.000193669
132	 -7.59294e-05	 0.00030599	 0.000165229
133	 -0.000185771	 0.000256994	 7.13571e-05
134	 -0.000246888	 0.000182269	 0.000196318
135	 -0.000256823	 0.000186181	 7.40927e-05
136	 -0.000302293	 7.62177e-05	 0.000175447
137	 -0.000215698	 0.000155841	 0.00028475
138	 -0.000272457	 5.12215e-05	 0.000265784
139	 -0.000149799	 0.000106361	 0.000368973
140	 -0.000146557	 0.000227809	 0.000278854
141	 -7.82031e-05	 0.000179208	 0.000362213
142	 -4.43949e-05	 0.000283457	 0.000252788
143	 -0.000246875	 -0.000182317	 0.000196312
144	 -0.000302283	 -7.62786e-05	 0.000175453
145	 -0.00025687	 -0.000186176	 7.4351e-05
146	 -0.000178824	 -0.000250994	 0.000193616
147	 -0.000185776	 -0.000256959	 7.10727e-05
148	 -7.58889e-05	 -0.000306036	 0.000165169
149	 -0.000146512	 -0.00022794	 0.000278777
150	 -4.43227e-05	 -0.000283567	 0.000252676
151	 -7.78651e-05	 -0.000179541	 0.000362151
152	 -0.00021564	 -0.000155957	 0.000284759
153	 -0.000149608	 -0.000106814	 0.000368939
154	 -0.000272411	 -5.13497e-05	 0.000265832
155	 0.000187639	 -0.000253684	 0.000175836
156	 7.79333e-05	 -0.000307688	 0.000159271
157	 0.000186416	 -0.00025694	 6.46671e-05
158	 0.000257255	 -0.000184702	 0.00017331
159	 0.000257008	 -0.000185946	 6.17254e-05
160	 0.0003111	 -7.75342e-05	 0.000148953
161	 0.000242598	 -0.000158414	 0.000256
162	 0.000296038	 -5.2278e-05	 0.00023272
163	 0.000208903	 -0.000106134	 0.000336927
164	 0.000167592	 -0.000231274	 0.000261649
165	 0.000134498	 -0.000180484	 0.000343428
166	 5.93491e-05	 -0.00028561	 0.000245688
167	 0.000249898	 0.000165985	 0
168	 0.000294007	 5.96671e-05	 0
169	 0.000286862	 0.000135119	 6.04026e-05
170	 -0.000166205	 0.000249751	 0
171	 -6.00924e-05	 0.00029392	 0
172	 -0.000135201	 0.000286815	 6.99356e-05
173	 -0.000249792	 -0.000166145	 0
174	 -0.000293988	 -5.97604e-05	 0
175	 -0.00028663	 -0.000135416	 7.30391e-05
176	 0.000166089	 -0.000249829	 0
177	 5.93869e-05	 -0.000294063	 0
178	 0.000135276	 -0.000286709	 6.32124e-05
179	 0.000167104	 8.29957e-05	 0.000378847
180	 0.000189082	 2.98184e-05	 0.000376575
181	 0.000220931	 7.9771e-05	 0.000336787
182	 0.000111762	 2.87002e-05	 0.000384566
183	 -3.97626e-05	 0.000124819	 0.000400225
184	 1.31331e-05	 0.000146914	 0.000394759
185	 -5.16428e-05	 0.000191919	 0.000360428
186	 1.42453e-05	 6.91827e-05	 0.000394644
187	 -8.13644e-05	 -8.31494e-05	 0.000404524
188	 -0.000103342	 -2.9972e-05	 0.000406795
189	 -0.000161854	 -8.00743e-05	 0.000370823
190	 -2.60228e-05	 -2.88538e-05	 0.000398805
191	 0.000125502	 -0.000124973	 0.000383145
192	 7.26066e-05	 -0.000147068	 0.000388611
193	 0.000107891	 -0.000192324	 0.000346851
194	 7.14944e-05	 -6.93363e-05	 0.000388727
195	 0.000322042	 2.37852e-08	 0.000129685
196	 0.000313577	 8.80337e-09	 4.30584e-05
197	 0.000312	 7.95905e-05	 0.000104952
198	 0.000312007	 -7.95792e-05	 0.000104923
199	 9.49329e-07	 0.000318973	 0.000141254
200	 1.88841e-08	 0.000313683	 4.73147e-05
201	 7.97161e-05	 0.000310679	 0.000111661
202	 -7.88718e-05	 0.000309961	 0.000118068
203	 -0.000315764	 -3.61328e-08	 0.000152562
204	 -0.00031381	 -1.16958e-08	 5.1607e-05
205	 -0.000308493	 7.90842e-05	 0.000124887
206	 -0.000308486	 -7.91298e-05	 0.000124895
207	 1.0042e-06	 -0.000318999	 0.000141212
208	 3.8301e-08	 -0.000313688	 4.72982e-05
209	 -7.88453e-05	 -0.000309987	 0.000118012
210	 7.97418e-05	 -0.000310692	 0.000111641
211	 0.000299534	 0.000116067	 9.28008e-05
212	 0.000307452	 4.1016e-05	 3.00599e-05
213	 0.000316709	 4.05653e-05	 7.35889e-05
214	 0.000294132	 9.82892e-05	 3.00517e-05
215	 0.000116046	 0.000298769	 9.69114e-05
216	 4.07742e-05	 0.000307384	 3.1583e-05
217	 0.000152561	 0.00027013	 3.13956e-05
218	 4.0702e-05	 0.000316167	 7.91459e-05
219	 0.000107352	 0.000235805	 0.000302736
220	 6.21941e-05	 0.000177973	 0.000371723
221	 -6.03897e-06	 0.000228128	 0.000335616
222	 0.000117673	 0.00016057	 0.000366063
223	 0.000245122	 7.6871e-05	 0.000310776
224	 0.000213518	 2.66317e-05	 0.000356848
225	 0.000207017	 5.53188e-05	 0.000357321
226	 0.000252127	 -2.53582e-05	 0.000315801
227	 -0.000115491	 0.000298123	 0.000106477
228	 -4.16759e-05	 0.000307967	 3.48914e-05
229	 -4.0416e-05	 0.000316214	 8.24717e-05
230	 -9.87381e-05	 0.000294547	 3.48101e-05
231	 -0.000297245	 0.000115606	 0.000110907
232	 -0.000307946	 4.15091e-05	 3.65497e-05
233	 -0.000270497	 0.00015289	 3.6231e-05
234	 -0.000315637	 4.06161e-05	 8.81272e-05
235	 -0.000192617	 8.99344e-05	 0.00034592
236	 -0.000141461	 2.6811e-05	 0.000391776
237	 -0.000203169	 -2.65793e-05	 0.000352182
239	 -6.97168e-05	 0.000215876	 0.000335356
240	 8.74605e-06	 0.000178534	 0.000376553
241	 -2.54805e-05	 0.000166645	 0.000381776
242	 2.7913e-05	 0.000205188	 0.000356051
243	 -0.000297266	 -0.000115569	 0.0001109
244	 -0.000307943	 -4.15439e-05	 3.65574e-05
245	 -0.000315634	 -4.0653e-05	 8.81288e-05
246	 -0.000294617	 -9.87288e-05	 3.63993e-05
247	 -0.000115536	 -0.000298121	 0.000106429
248	 -4.16486e-05	 -0.000307971	 3.48662e-05
249	 -0.000152706	 -0.000270407	 3.47107e-05
250	 -4.03903e-05	 -0.000316228	 8.24368e-05
251	 -6.97585e-05	 -0.000216236	 0.000335061
252	 8.78185e-06	 -0.000178669	 0.000376534
253	 4.72996e-05	 -0.000228604	 0.000331851
255	 -0.000192314	 -9.00916e-05	 0.000346135
257	 -0.000138352	 -4.12894e-05	 0.000391667
258	 -0.000174266	 -2.97825e-07	 0.000374602
259	 0.000116002	 -0.000298803	 9.69045e-05
260	 4.07779e-05	 -0.000307389	 3.15814e-05
261	 4.07239e-05	 -0.000316176	 7.91294e-05
262	 9.82676e-05	 -0.000294159	 3.14998e-05
263	 0.000299516	 -0.000116123	 9.27584e-05
264	 0.000307448	 -4.10161e-05	 3.00462e-05
265	 0.00027011	 -0.000152312	 3.00298e-05
266	 0.00031671	 -4.05525e-05	 7.35708e-05
267	 0.00024513	 -7.67874e-05	 0.000310835
268	 0.000213552	 -2.67256e-05	 0.000356818
269	 0.000234649	 -2.0146e-07	 0.000337764
270	 0.000195878	 -8.22411e-05	 0.000358465
271	 9.72665e-05	 -0.000222649	 0.000322825
272	 6.22091e-05	 -0.000178095	 0.000371714
273	 9.08284e-05	 -0.000171724	 0.000368718
274	 2.84343e-05	 -0.000205325	 0.000355969
275	 5.95096e-05	 0.000294038	 0
276	 0.000166054	 0.000249852	 0
277	 9.8478e-05	 0.000294019	 3.12791e-05
278	 0.000258586	 0.000191351	 0.000125999
279	 0.000191328	 0.000257888	 0.000128605
280	 0.000224461	 0.000224257	 6.29395e-05
281	 0.000225132	 0.000221995	 0.000174295
282	 -0.000293978	 5.98061e-05	 0
283	 -0.000249858	 0.000166045	 0
284	 -0.000294477	 9.89397e-05	 3.61295e-05
285	 -0.000188754	 0.000255345	 0.00014402
286	 -0.000254416	 0.000188846	 0.000146842
287	 -0.000224132	 0.000224353	 7.2504e-05
288	 -0.000215425	 0.000219131	 0.000195719
289	 -6.01417e-05	 -0.00029391	 0
290	 -0.000166107	 -0.000249817	 0
291	 -9.89593e-05	 -0.000294407	 3.45414e-05
292	 -0.000254408	 -0.000188885	 0.0001468
293	 -0.000188739	 -0.000255381	 0.000144002
294	 -0.000224101	 -0.000224392	 7.24885e-05
295	 -0.000215412	 -0.000219184	 0.000195688
296	 0.000293982	 -5.97899e-05	 0
297	 0.000249927	 -0.000165942	 0
298	 0.000293995	 -9.85026e-05	 2.98285e-05
299	 0.00019136	 -0.000257888	 0.000128575
300	 0.000258614	 -0.000191342	 0.000125964
301	 0.000224525	 -0.000224202	 6.29236e-05
302	 0.000225165	 -0.000221992	 0.000174302
303	 7.24369e-05	 0.000146949	 0.00038863
304	 0.000125102	 0.000125085	 0.000383187
305	 7.13436e-05	 6.92455e-05	 0.000388743
306	 9.07001e-05	 0.000171487	 0.000368845
309	 0.000173911	 0.000145693	 0.000343205
310	 0.000207625	 0.000197352	 0.000261319
311	 -0.000103377	 2.96477e-05	 0.000406799
312	 -8.16293e-05	 8.25937e-05	 0.000404552
313	 -2.60853e-05	 2.85486e-05	 0.000398811
314	 -0.000129312	 6.89251e-05	 0.000390822
315	 -0.000125422	 0.000207543	 0.000317417
316	 -0.000191833	 0.000138499	 0.000322609
317	 -0.000115457	 0.000144538	 0.000368871
318	 -0.000183128	 0.000193873	 0.000284537
319	 1.33027e-05	 -0.000147102	 0.00039474
320	 -3.93629e-05	 -0.000125239	 0.000400183
321	 1.4396e-05	 -6.93991e-05	 0.000394627
322	 -2.52364e-05	 -0.000166838	 0.000381756
323	 -0.000191738	 -0.000138701	 0.000322602
324	 -0.000125315	 -0.00020773	 0.000317352
325	 -0.000115251	 -0.000144881	 0.000368822
326	 -0.000183071	 -0.000194002	 0.000284504
327	 0.000189116	 -2.98013e-05	 0.000376571
328	 0.000167369	 -8.27474e-05	 0.000378819
329	 0.000111825	 -2.87023e-05	 0.000384559
330	 0.000207015	 -5.52593e-05	 0.000357365
331	 0.000138964	 -0.000210534	 0.000312896
333	 0.000174108	 -0.000145515	 0.000343238
334	 0.000207687	 -0.000197324	 0.000261342
335	 0.000266144	 -5.02433e-05	 0.00029117
336	 0.000265976	 5.03658e-05	 0.00029137
337	 0.000300004	 2.49781e-08	 0.000234477
338	 0.000252058	 2.52075e-05	 0.000315897
339	 0.000285017	 0.000140703	 0.000168072
340	 0.000270343	 0.000115873	 0.000247453
341	 0.000306467	 6.55571e-05	 0.00019162
342	 0.000252317	 0.000173062	 0.000215683
343	 0.000285061	 -0.000140669	 0.00016801
344	 0.000270405	 -0.000115852	 0.000247389
345	 0.000306493	 -6.55132e-05	 0.000191586
346	 0.000252369	 -0.000173072	 0.000215607
347	 -3.68147e-05	 0.000246624	 0.000311337
348	 6.31823e-05	 0.000248245	 0.000305355
349	 7.43626e-06	 0.000288286	 0.000251179
350	 4.67226e-05	 0.000228523	 0.000331965
351	 0.000144092	 0.00028037	 0.000175183
352	 0.000125437	 0.000258442	 0.00025691
353	 6.92965e-05	 0.00029967	 0.000203514
354	 0.000179228	 0.000245041	 0.000219882
355	 -0.000135914	 0.000278503	 0.000188306
356	 -0.000105385	 0.000256072	 0.000269856
357	 -6.08822e-05	 0.000298032	 0.000210226
358	 -0.000164309	 0.000242112	 0.000237715
359	 -0.000227827	 -4.95475e-05	 0.000325617
360	 -0.000227775	 4.95366e-05	 0.000325662
361	 -0.000275989	 -6.00173e-08	 0.000267857
362	 -0.000203152	 2.59497e-05	 0.000352255
363	 -0.000273281	 0.000139388	 0.000196
364	 -0.000243245	 0.000114722	 0.000279916
365	 -0.000290782	 6.45936e-05	 0.000222141
366	 -0.000234111	 0.000170911	 0.0002422
367	 -0.000273253	 -0.00013945	 0.000196033
368	 -0.000243175	 -0.000114849	 0.000279959
369	 -0.000290758	 -6.46881e-05	 0.000222166
370	 -0.000234074	 -0.000170993	 0.000242206
371	 6.32224e-05	 -0.000248385	 0.000305238
372	 -3.69175e-05	 -0.000246657	 0.000311341
373	 7.51935e-06	 -0.000288349	 0.000251134
374	 -5.3091e-06	 -0.000228205	 0.000335646
375	 -0.000135889	 -0.00027857	 0.00018821
376	 -0.000105325	 -0.000256213	 0.00026974
377	 -6.08251e-05	 -0.000298106	 0.000210141
378	 -0.00016428	 -0.000242205	 0.000237644
379	 0.000144127	 -0.000280383	 0.000175186
380	 0.000125541	 -0.000258425	 0.000256939
381	 6.93721e-05	 -0.000299693	 0.000203494
382	 0.000179306	 -0.000245041	 0.000219844
383	 0.00023909	 0.000199308	 0.000196911
384	 0.000272388	 0.000168303	 0.000149546
385	 0.000243165	 0.000207791	 0.000150354
386	 0.000270092	 0.000157765	 0.000192289
387	 0.000316808	 3.95102e-05	 0.000160794
388	 0.000300488	 0.00011424	 0.000137296
389	 0.000319829	 3.95838e-05	 0.000117628
390	 0.000298269	 0.000104164	 0.000179522
391	 0.000236929	 0.000200265	 3.07667e-05
392	 0.000272939	 0.000169177	 9.35146e-05
393	 0.00027032	 0.000152066	 3.02553e-05
394	 0.000244191	 0.000208399	 9.42039e-05
395	 0.000203727	 0.000234361	 0.000198146
396	 0.000169696	 0.000269986	 0.000153381
397	 0.000162549	 0.000264111	 0.000197966
398	 0.000209358	 0.000241247	 0.000151651
399	 0.000200607	 0.000237081	 3.22731e-05
400	 0.000169408	 0.000272425	 9.752e-05
401	 0.00013544	 0.000286605	 6.31369e-05
402	 0.000208592	 0.000243884	 9.55417e-05
403	 4.02411e-05	 0.000312096	 0.00017334
404	 0.000114342	 0.000298216	 0.000145149
405	 4.00108e-05	 0.000317692	 0.00012695
406	 0.000107726	 0.000292643	 0.000189111
407	 0.000193355	 0.000223038	 0.00024209
408	 0.000138311	 0.000235088	 0.000283367
409	 0.000181552	 0.000206308	 0.000281439
410	 0.00015313	 0.000253156	 0.000239084
411	 3.09775e-05	 0.000300951	 0.000217852
412	 8.65932e-05	 0.000265222	 0.000271262
413	 3.63626e-05	 0.000270624	 0.000279865
414	 9.8233e-05	 0.00028126	 0.000232296
415	 0.000142296	 0.000145412	 0.000363635
416	 0.000138805	 0.000210604	 0.000312852
417	 0.00010774	 0.000192098	 0.000347028
418	 0.000164947	 0.000180936	 0.000322922
419	 0.000231266	 0.000186312	 0.000239224
420	 0.000250415	 0.00012999	 0.000271129
421	 0.0002627	 0.000144771	 0.000233019
422	 0.000219215	 0.000169689	 0.000278733
423	 0.000180197	 0.000107197	 0.00036009
424	 0.000233657	 0.000104203	 0.000311715
425	 0.000195834	 8.24133e-05	 0.000358393
426	 0.000215319	 0.000142996	 0.000307392
427	 0.000309109	 2.67772e-05	 0.000203926
428	 0.000278184	 7.69509e-05	 0.000259632
429	 0.000285207	 2.62258e-05	 0.000264403
430	 0.000290552	 9.14528e-05	 0.000221402
431	 -0.000191323	 0.000231304	 0.00021825
432	 -0.000164406	 0.000267548	 0.000168626
433	 -0.000203302	 0.000238578	 0.000170265
434	 -0.000151021	 0.000261735	 0.000213646
435	 -3.79716e-05	 0.000311149	 0.000176258
436	 -0.000112389	 0.000296103	 0.000154246
437	 -3.86137e-05	 0.000317231	 0.000130068
438	 -9.95622e-05	 0.00029076	 0.000198893
439	 -0.00020046	 0.000237355	 3.56143e-05
440	 -0.000168245	 0.000271593	 0.000107125
441	 -0.000152427	 0.000270642	 3.50087e-05
442	 -0.000207158	 0.000243005	 0.00010817
443	 -0.000226146	 0.000196144	 0.000219633
444	 -0.00026473	 0.000166149	 0.000172727
445	 -0.0002551	 0.000156082	 0.000219754
446	 -0.000236262	 0.000205237	 0.00017165
447	 -0.000237571	 0.00020071	 3.72632e-05
448	 -0.000270903	 0.000168516	 0.000111516
449	 -0.000286538	 0.000135556	 7.28715e-05
450	 -0.000242589	 0.000207414	 0.000109619
451	 -0.000306189	 3.86984e-05	 0.000188423
452	 -0.000293545	 0.000112509	 0.000162259
453	 -0.000314939	 3.90654e-05	 0.000139325
454	 -0.000284617	 0.000103143	 0.000208767
455	 -0.000210025	 0.000182839	 0.000264832
456	 -0.000218922	 0.000127835	 0.000302105
457	 -0.000188541	 0.000167139	 0.000304687
458	 -0.000240075	 0.000143616	 0.000261921
459	 -0.000291234	 2.62189e-05	 0.000235373
460	 -0.000248614	 7.55028e-05	 0.000293145
461	 -0.000254162	 2.57277e-05	 0.000298935
462	 -0.000269069	 9.04039e-05	 0.000253731
463	 -0.000108612	 0.000107271	 0.000388282
465	 -0.000161401	 7.96315e-05	 0.000371206
466	 -0.000156227	 0.000141843	 0.000348007
467	 -0.000174777	 0.000219535	 0.00026172
468	 -0.000117329	 0.000233462	 0.000293761
469	 -0.000135638	 0.000250519	 0.000254559
470	 -0.000155188	 0.000201811	 0.000302006
473	 -5.92501e-05	 0.000152628	 0.000383617
474	 -0.000120566	 0.000178478	 0.00034495
475	 -2.20179e-05	 0.00029979	 0.000221663
476	 -6.61235e-05	 0.000262392	 0.000281154
477	 -1.56736e-05	 0.000269556	 0.000283319
478	 -8.36924e-05	 0.000279065	 0.00024249
479	 -0.000226121	 -0.000196211	 0.000219622
480	 -0.000264723	 -0.000166184	 0.000172728
481	 -0.000236252	 -0.000205281	 0.000171623
482	 -0.000255067	 -0.000156154	 0.000219773
483	 -0.000306182	 -3.87745e-05	 0.000188427
484	 -0.000293536	 -0.000112548	 0.000162273
485	 -0.000314934	 -3.91183e-05	 0.000139329
486	 -0.000284588	 -0.00010322	 0.000208797
487	 -0.00023745	 -0.000200807	 3.7118e-05
488	 -0.000270898	 -0.00016854	 0.000111465
489	 -0.000270732	 -0.000152618	 3.65239e-05
490	 -0.000242579	 -0.000207442	 0.000109647
491	 -0.000191308	 -0.000231367	 0.000218209
492	 -0.0001644	 -0.000267589	 0.000168565
493	 -0.000150994	 -0.000261816	 0.000213561
494	 -0.000203291	 -0.00023862	 0.000170231
495	 -0.000200359	 -0.000237487	 3.57433e-05
496	 -0.000168236	 -0.000271615	 0.000107119
497	 -0.000135349	 -0.000286729	 6.97563e-05
498	 -0.000207144	 -0.000243033	 0.000108092
499	 -3.79173e-05	 -0.000311195	 0.0001762
500	 -0.000112369	 -0.000296145	 0.000154174
501	 -3.85766e-05	 -0.00031726	 0.000130019
502	 -9.95214e-05	 -0.000290832	 0.000198801
503	 -0.000174747	 -0.000219638	 0.000261664
504	 -0.000117263	 -0.000233615	 0.00029367
505	 -0.000155097	 -0.000201974	 0.000301961
506	 -0.000135594	 -0.000250636	 0.000254465
507	 -2.19455e-05	 -0.000299862	 0.000221582
508	 -6.603e-05	 -0.000262519	 0.000281068
509	 -1.55838e-05	 -0.000269668	 0.000283232
510	 -8.36324e-05	 -0.000279173	 0.000242382
511	 -5.88486e-05	 -0.00015299	 0.000383579
513	 -5.13472e-05	 -0.000191748	 0.000360686
514	 -0.000120361	 -0.000178795	 0.00034487
515	 -0.000209986	 -0.000182931	 0.000264824
516	 -0.00021885	 -0.000127982	 0.000302124
517	 -0.000240021	 -0.000143721	 0.000261946
518	 -0.000188458	 -0.000167318	 0.000304659
521	 -0.000116068	 -9.54653e-05	 0.000389334
522	 -0.000156026	 -0.000142163	 0.000347992
523	 -0.000291218	 -2.63303e-05	 0.000235396
524	 -0.000248571	 -7.56555e-05	 0.000293159
525	 -0.000254151	 -2.58627e-05	 0.000298938
526	 -0.000269022	 -9.05153e-05	 0.000253772
527	 0.000203774	 -0.000234355	 0.000198152
528	 0.000169735	 -0.000269992	 0.000153361
529	 0.000209388	 -0.000241251	 0.000151639
530	 0.000162607	 -0.000264117	 0.000197948
531	 4.03015e-05	 -0.000312125	 0.000173297
532	 0.000114374	 -0.000298229	 0.000145136
533	 4.00535e-05	 -0.000317709	 0.000126917
534	 0.000107785	 -0.000292656	 0.000189104
535	 0.000200725	 -0.000236929	 3.21053e-05
536	 0.000169429	 -0.000272427	 9.74793e-05
537	 0.000152311	 -0.000270347	 3.16212e-05
538	 0.000208625	 -0.000243875	 9.55502e-05
539	 0.000239118	 -0.000199312	 0.000196911
540	 0.000272414	 -0.000168301	 0.000149485
541	 0.000270139	 -0.000157755	 0.00019222
542	 0.00024319	 -0.000207791	 0.000150343
543	 0.000237092	 -0.000200145	 3.09179e-05
544	 0.000272959	 -0.000169163	 9.35059e-05
545	 0.000286767	 -0.000135284	 6.02984e-05
546	 0.000244217	 -0.00020838	 9.41474e-05
547	 0.000316819	 -3.94624e-05	 0.000160785
548	 0.000300507	 -0.000114228	 0.000137245
549	 0.000319836	 -3.95516e-05	 0.000117616
550	 0.000298303	 -0.000104128	 0.00017948
551	 0.000231324	 -0.000186304	 0.000239199
552	 0.000250503	 -0.000130013	 0.000271017
553	 0.000219307	 -0.000169686	 0.000278678
554	 0.000262772	 -0.000144762	 0.000232927
555	 0.000309128	 -2.67121e-05	 0.000203893
556	 0.000278244	 -7.69258e-05	 0.00025956
557	 0.000285224	 -2.62039e-05	 0.000264384
558	 0.000290599	 -9.14109e-05	 0.000221346
559	 0.000180543	 -0.000106934	 0.000360013
560	 0.000233843	 -0.000104076	 0.000311604
561	 0.000220921	 -7.96577e-05	 0.000336876
562	 0.000215415	 -0.000142895	 0.000307417
563	 0.000193432	 -0.000223039	 0.000242054
564	 0.000140793	 -0.000236822	 0.000278992
565	 0.000153223	 -0.000253148	 0.000239077
566	 0.000181665	 -0.000206294	 0.000281411
567	 0.0001426	 -0.000145131	 0.000363709
569	 0.000117937	 -0.000160644	 0.000365974
570	 0.000165127	 -0.000180808	 0.000322964
571	 3.10556e-05	 -0.000300991	 0.000217819
572	 8.67204e-05	 -0.000265228	 0.00027127
573	 3.64783e-05	 -0.00027069	 0.000279817
574	 9.83162e-05	 -0.000281272	 0.000232298
575	 0.00028688	 8.77498e-05	 0
576	 0.000298501	 2.99508e-05	 0
577	 0.000302113	 7.01148e-05	 3.00474e-05
578	 -8.81201e-05	 0.000286766	 0
579	 -3.04507e-05	 0.000298451	 0
580	 -7.04945e-05	 0.000302513	 3.45187e-05
581	 -0.000286835	 -8.78948e-05	 0
582	 -0.000298492	 -3.00425e-05	 0
583	 -0.000302546	 -7.04213e-05	 3.615e-05
584	 8.7589e-05	 -0.000286929	 0
585	 2.9575e-05	 -0.000298539	 0
586	 6.99793e-05	 -0.000302091	 3.14873e-05
587	 0.000317949	 1.28122e-08	 6.46999e-05
588	 0.000307599	 7.10996e-09	 2.14757e-05
589	 0.000312818	 4.09278e-05	 5.16525e-05
590	 0.000312816	 -4.09289e-05	 5.16361e-05
591	 2.64389e-07	 0.000317651	 7.09431e-05
592	 -2.35321e-07	 0.000307814	 2.36539e-05
593	 4.08834e-05	 0.000312655	 5.51877e-05
594	 -4.11851e-05	 0.00031297	 5.85245e-05
595	 -0.000317343	 -1.80959e-08	 7.71953e-05
596	 -0.000308058	 -5.60654e-09	 2.58682e-05
597	 -0.000312822	 4.1213e-05	 6.21828e-05
598	 -0.000312821	 -4.12405e-05	 6.21892e-05
599	 2.93269e-07	 -0.00031766	 7.09189e-05
600	 -2.2342e-07	 -0.000307817	 2.36459e-05
601	 -4.11673e-05	 -0.000312977	 5.84926e-05
602	 4.08901e-05	 -0.000312663	 5.51784e-05
603	 0.000308203	 6.06396e-05	 4.54663e-05
604	 0.000304737	 2.07957e-05	 1.48799e-05
605	 0.000311222	 2.06135e-05	 3.64126e-05
606	 0.000301227	 5.04954e-05	 1.48481e-05
607	 6.04203e-05	 0.000308037	 4.77134e-05
608	 2.04566e-05	 0.000304732	 1.56635e-05
609	 6.9952e-05	 0.000302087	 3.14826e-05
610	 2.04863e-05	 0.000311277	 3.93058e-05
611	 -6.11955e-05	 0.00030856	 5.26408e-05
612	 -2.14327e-05	 0.000305147	 1.73186e-05
613	 -2.09163e-05	 0.000311547	 4.09714e-05
614	 -5.10413e-05	 0.000301565	 1.72693e-05
615	 -0.000308415	 6.11202e-05	 5.50555e-05
616	 -0.000305174	 2.11556e-05	 1.81716e-05
617	 -0.000295245	 7.96412e-05	 1.77721e-05
618	 -0.000311632	 2.08332e-05	 4.39469e-05
619	 -0.000157235	 3.97238e-05	 0.000382076
620	 -0.000124491	 1.35315e-05	 0.00040012
621	 -0.000156881	 -2.08011e-05	 0.000384238
622	 -0.000118714	 4.20927e-05	 0.000399989
623	 -7.96964e-06	 0.000191103	 0.000367298
624	 2.5644e-05	 0.000164787	 0.000384664
625	 -2.87417e-06	 0.000159016	 0.000388027
626	 3.55183e-05	 0.000178533	 0.000375264
627	 -0.000308408	 -6.11699e-05	 5.50624e-05
628	 -0.000305179	 -2.1152e-05	 1.81839e-05
629	 -0.000311632	 -2.08528e-05	 4.39531e-05
630	 -0.000301641	 -5.08147e-05	 1.81048e-05
631	 -6.11592e-05	 -0.00030857	 5.26068e-05
632	 -2.14368e-05	 -0.000305143	 1.72982e-05
633	 -7.97976e-05	 -0.000295145	 1.69772e-05
634	 -2.09003e-05	 -0.000311551	 4.09486e-05
635	 -7.917e-06	 -0.000191205	 0.000367295
636	 2.56695e-05	 -0.000164924	 0.000384657
637	 3.57971e-05	 -0.000178685	 0.000375212
638	 -2.68834e-06	 -0.000159224	 0.000387991
639	 -0.000155533	 -4.69907e-05	 0.000381962
640	 -0.000122734	 -2.07835e-05	 0.000400454
641	 -0.000116959	 -4.96039e-05	 0.000399613
642	 -0.000140571	 -7.25066e-06	 0.000393257
643	 6.04791e-05	 -0.000308028	 4.76831e-05
644	 2.04533e-05	 -0.000304736	 1.56674e-05
645	 2.0498e-05	 -0.000311281	 3.92971e-05
646	 5.02557e-05	 -0.000301268	 1.56078e-05
647	 0.000308216	 -6.0592e-05	 4.54732e-05
648	 0.000304733	 -2.07976e-05	 1.48685e-05
649	 0.000302107	 -7.01042e-05	 3.00243e-05
650	 0.000311221	 -2.06044e-05	 3.64054e-05
651	 0.000141442	 0.000264564	 0
652	 0.000190098	 0.000232084	 0
653	 0.000177305	 0.000254651	 3.15032e-05
654	 0.000209996	 0.000243134	 0.000127768
655	 0.000171376	 0.000271325	 0.000129576
656	 0.000189806	 0.000258695	 9.64454e-05
657	 0.000189989	 0.000256473	 0.000152357
658	 -0.000264599	 0.000141377	 0
659	 -0.000232156	 0.000190009	 0
660	 -0.000255075	 0.000177523	 3.64269e-05
661	 -0.00023984	 0.000207298	 0.000146032
662	 -0.000267703	 0.000169127	 0.000147728
663	 -0.000257477	 0.000188486	 0.000110547
664	 -0.000251426	 0.000186126	 0.000171815
665	 -0.000141466	 -0.000264551	 0
666	 -0.000190016	 -0.000232151	 0
667	 -0.000177256	 -0.000254978	 3.49022e-05
668	 -0.000207057	 -0.000240527	 0.000144599
669	 -0.000169092	 -0.000268982	 0.000143483
670	 -0.000188225	 -0.000258051	 0.000107579
671	 -0.000184343	 -0.000253986	 0.000169023
672	 0.000264605	 -0.000141365	 0
673	 0.000232239	 -0.000189908	 0
674	 0.000254636	 -0.000176948	 3.01399e-05
675	 0.000243621	 -0.000209895	 0.000126435
676	 0.000272321	 -0.00017145	 0.000125632
677	 0.000259119	 -0.000189593	 9.37425e-05
678	 0.000258631	 -0.000188552	 0.000149753
679	 0.000136806	 0.000196041	 0.000328597
680	 0.000153829	 0.000222014	 0.000288096
681	 0.000123293	 0.000223648	 0.000308216
682	 0.000166964	 0.000195883	 0.000307033
683	 -0.000176472	 0.000157069	 0.000323288
684	 -0.000206323	 0.00011906	 0.000320563
685	 -0.000175254	 0.000116402	 0.000348135
686	 -0.000204343	 0.000147601	 0.000304219
687	 -0.000143212	 -0.000191742	 0.000320655
688	 -0.00010655	 -0.00022279	 0.000312642
689	 -9.55505e-05	 -0.000198443	 0.000341125
690	 -0.00013632	 -0.00021846	 0.000298591
691	 0.000204886	 -0.000161284	 0.000303854
692	 0.000236708	 -0.000122296	 0.000296801
693	 0.000212683	 -0.000124861	 0.000322729
694	 0.000230047	 -0.000151229	 0.000282445
695	 0.000268484	 2.51461e-05	 0.000293107
696	 0.000261707	 7.54873e-05	 0.000288478
697	 0.000282602	 5.17801e-05	 0.000262485
698	 0.000249462	 5.15564e-05	 0.000313889
699	 0.000275824	 0.000122806	 0.000228312
700	 0.000263626	 0.000108454	 0.000266138
701	 0.00028499	 8.43589e-05	 0.000240796
702	 0.000257267	 0.000137585	 0.000252202
703	 0.000275886	 -0.000122774	 0.000228245
704	 0.000263684	 -0.000108446	 0.000266082
705	 0.000285046	 -8.43205e-05	 0.000240729
706	 0.000257343	 -0.000137586	 0.000252109
707	 3.81764e-05	 0.000250039	 0.000308818
708	 8.54657e-05	 0.000242613	 0.000304578
709	 6.16732e-05	 0.000268782	 0.000276081
710	 7.74846e-05	 0.00023345	 0.000318586
711	 0.000130938	 0.000265796	 0.00023731
712	 0.000116759	 0.000248034	 0.000280427
713	 9.25992e-05	 0.00027388	 0.00025212
714	 0.0001469	 0.000245616	 0.000259722
715	 -0.000113792	 0.000263693	 0.000250469
716	 -9.64668e-05	 0.000247092	 0.000288543
717	 -7.50717e-05	 0.000271413	 0.000262215
718	 -0.00012639	 0.000242679	 0.000274869
719	 -0.000229685	 2.47078e-05	 0.000327782
720	 -0.000224527	 7.42404e-05	 0.000322103
721	 -0.00025217	 5.07987e-05	 0.000296594
722	 -0.000198881	 5.82513e-05	 0.000350322
723	 -0.000252805	 0.00012179	 0.000260113
724	 -0.000232297	 0.000107045	 0.00029891
725	 -0.000259538	 8.31569e-05	 0.000273898
726	 -0.000230159	 0.000135676	 0.000282845
727	 -0.000252739	 -0.000121897	 0.000260168
728	 -0.000232232	 -0.0001072	 0.000298931
729	 -0.00025949	 -8.3281e-05	 0.000273931
730	 -0.000230092	 -0.0001358	 0.000282872
731	 -1.18167e-05	 -0.000249254	 0.000311807
732	 -6.19748e-05	 -0.000242536	 0.000309568
733	 -4.09846e-05	 -0.000266923	 0.000282675
734	 -3.07646e-05	 -0.000225837	 0.000335308
735	 -0.000113746	 -0.000263817	 0.000250346
736	 -9.63851e-05	 -0.000247244	 0.000288443
737	 -7.49998e-05	 -0.000271531	 0.000262117
738	 -0.000126335	 -0.000242817	 0.000274773
739	 0.000131015	 -0.000265789	 0.000237339
740	 0.000119521	 -0.000249798	 0.000275941
741	 9.27017e-05	 -0.00027389	 0.000252124
742	 0.000147005	 -0.00024561	 0.000259711
743	 0.000306397	 9.60037e-05	 0.000143141
744	 0.000293278	 0.000132275	 0.000131426
745	 0.000306361	 9.80227e-05	 9.88229e-05
746	 0.000292216	 0.000122676	 0.000173913
747	 9.62019e-05	 0.000303573	 0.000152257
748	 0.000132278	 0.000291523	 0.000137967
749	 9.80675e-05	 0.000305348	 0.000104235
750	 0.000126157	 0.000287088	 0.000182298
751	 7.30777e-05	 0.000275995	 0.00025879
752	 9.71959e-05	 0.000251187	 0.000287496
753	 7.50364e-05	 0.000257391	 0.000288721
754	 0.000106212	 0.000262423	 0.000264383
757	 0.000110137	 0.000207762	 0.000331969
759	 0.000287651	 6.4788e-05	 0.000246477
760	 0.000267513	 8.88811e-05	 0.000272277
761	 0.000272703	 6.37708e-05	 0.000275829
762	 0.000274856	 9.65954e-05	 0.000253795
763	 -0.000177334	 0.000264903	 8.9209e-05
764	 -0.000158472	 0.000277049	 0.000125094
765	 -0.000125534	 0.000293153	 8.80989e-05
766	 -0.000198388	 0.000249699	 0.000126149
767	 -0.000264534	 0.000177683	 9.28302e-05
768	 -0.000275952	 0.00015862	 0.000130142
769	 -0.000292626	 0.000125792	 9.18267e-05
770	 -0.000263254	 0.00017913	 0.000129204
771	 -0.000298531	 9.4439e-05	 0.000168893
772	 -0.00028727	 0.00013039	 0.000155525
773	 -0.000303483	 9.75281e-05	 0.000117852
774	 -0.00027948	 0.000121512	 0.000202585
775	 -0.000261133	 6.34855e-05	 0.000279875
776	 -0.000234855	 8.72751e-05	 0.000305571
777	 -0.000238861	 6.26624e-05	 0.000309911
778	 -0.000246467	 9.53135e-05	 0.000286882
779	 -0.000171773	 9.85056e-05	 0.000358208
780	 -0.000206765	 9.45241e-05	 0.00033191
781	 -0.000182843	 7.13304e-05	 0.000359316
782	 -0.000192904	 0.000114658	 0.000335058
783	 -7.41154e-05	 0.000198065	 0.000349444
784	 -7.85332e-05	 0.000226771	 0.000321313
786	 -0.000123275	 0.000193405	 0.000331608
787	 -5.53456e-05	 0.000273494	 0.000267331
788	 -7.66798e-05	 0.000250119	 0.000294246
789	 -2.62861e-05	 0.000258633	 0.00029776
790	 -8.59351e-05	 0.000259779	 0.00027581
791	 -0.000298521	 -9.44882e-05	 0.000168903
792	 -0.000287263	 -0.000130422	 0.00015554
793	 -0.000303487	 -9.75318e-05	 0.000117851
794	 -0.000279451	 -0.000121582	 0.000202617
795	 -0.000264534	 -0.000177701	 9.28818e-05
796	 -0.000275945	 -0.000158658	 0.000130076
797	 -0.000292679	 -0.000125691	 9.18966e-05
798	 -0.000249059	 -0.000198613	 0.000128286
799	 -0.000177325	 -0.000264915	 8.91128e-05
800	 -0.000158453	 -0.000277078	 0.000125097
801	 -0.000125643	 -0.000293111	 8.79922e-05
802	 -0.00017897	 -0.000264138	 0.000125582
803	 -5.52805e-05	 -0.000273604	 0.00026724
804	 -7.65881e-05	 -0.000250261	 0.000294162
805	 -5.1584e-05	 -0.000255236	 0.000296611
806	 -8.58637e-05	 -0.000259912	 0.00027571
807	 -7.39716e-05	 -0.000198414	 0.00034927
808	 -7.84949e-05	 -0.000227028	 0.000321113
810	 -9.80114e-05	 -0.000212832	 0.000327092
811	 -0.000171519	 -9.87946e-05	 0.000358297
812	 -0.000206586	 -9.47015e-05	 0.000332031
813	 -0.000182752	 -7.14814e-05	 0.000359356
814	 -0.000174323	 -0.000140751	 0.000335803
815	 -0.000261097	 -6.36048e-05	 0.000279901
816	 -0.000234814	 -8.74277e-05	 0.000305575
817	 -0.000241548	 -3.77737e-05	 0.000312787
818	 -0.000246412	 -9.54437e-05	 0.000286912
819	 9.62458e-05	 -0.000303588	 0.000152231
820	 0.000132306	 -0.000291535	 0.000137962
821	 9.8058e-05	 -0.000305368	 0.00010422
822	 0.000126204	 -0.0002871	 0.000182295
823	 0.000306417	 -9.59789e-05	 0.000143105
824	 0.000293296	 -0.000132265	 0.000131363
825	 0.000306358	 -9.80464e-05	 9.87878e-05
826	 0.000292256	 -0.00012264	 0.000173861
827	 0.000287705	 -6.47313e-05	 0.000246413
828	 0.000267574	 -8.88681e-05	 0.000272214
829	 0.00027622	 -3.82738e-05	 0.000278128
830	 0.000274919	 -9.65699e-05	 0.000253726
831	 0.000137023	 -0.000195937	 0.000328628
832	 0.000126234	 -0.000225704	 0.000304058
833	 0.000110274	 -0.000207753	 0.000331985
835	 7.31729e-05	 -0.000276016	 0.000258792
836	 9.99751e-05	 -0.000253173	 0.000283152
837	 4.99373e-05	 -0.000260101	 0.000292934
838	 0.000106323	 -0.000262421	 0.000264402
839	 0.000232184	 0.000189975	 0
840	 0.00026471	 0.000141169	 0
841	 0.000254676	 0.000176894	 3.0159e-05
842	 0.00029816	 0.000108042	 6.04852e-05
843	 0.000273162	 0.000161071	 6.09097e-05
844	 0.0002834	 0.000125674	 2.97328e-05
845	 0.00028737	 0.000143378	 9.28014e-05
846	 -0.000190121	 0.000232065	 0
847	 -0.000141436	 0.000264567	 0
848	 -0.00017718	 0.000255045	 3.49716e-05
849	 -0.000108278	 0.000298109	 6.99938e-05
850	 -0.00016104	 0.000273105	 7.03763e-05
851	 -0.000126127	 0.00028379	 3.46437e-05
852	 -0.00015218	 0.000280161	 8.84497e-05
853	 -0.000232069	 -0.000190116	 0
854	 -0.000264617	 -0.000141342	 0
855	 -0.000255147	 -0.000177449	 3.64867e-05
856	 -0.00029786	 -0.000108403	 7.31227e-05
857	 -0.000272958	 -0.000161352	 7.34329e-05
858	 -0.000283882	 -0.000126215	 3.61981e-05
859	 -0.000279742	 -0.000152455	 9.21825e-05
860	 0.000190161	 -0.000232032	 0
861	 0.000141203	 -0.000264692	 0
862	 0.000177248	 -0.000254701	 3.15141e-05
863	 0.000108063	 -0.000297933	 6.33275e-05
864	 0.000161368	 -0.000273052	 6.36702e-05
865	 0.000125789	 -0.000283439	 3.11336e-05
866	 0.000143476	 -0.00028676	 9.68299e-05
867	 0.000320451	 2.71934e-08	 0.000151237
868	 0.000322152	 2.02089e-08	 0.000108082
869	 0.00031904	 -3.96363e-05	 0.000139247
870	 0.00031903	 3.96764e-05	 0.000139258
871	 0.00031028	 7.99081e-05	 8.30627e-05
872	 0.000312261	 7.87965e-05	 0.000126933
873	 0.000319021	 4.01356e-05	 9.55462e-05
874	 0.000307131	 9.71862e-05	 0.000121106
875	 0.000310287	 -7.98892e-05	 8.30337e-05
876	 0.000312272	 -7.8781e-05	 0.000126905
877	 0.000319026	 -4.01102e-05	 9.55334e-05
878	 0.000307142	 -9.71769e-05	 0.000121065
879	 1.1586e-06	 0.000315977	 0.000164354
880	 7.31216e-07	 0.00032025	 0.000117991
881	 -3.84124e-05	 0.000315016	 0.000153285
882	 4.02554e-05	 0.000315725	 0.000150253
883	 7.98977e-05	 0.000309595	 8.78848e-05
884	 7.90302e-05	 0.000310031	 0.000135482
885	 4.04498e-05	 0.000317814	 0.000103018
886	 9.73071e-05	 0.000305352	 0.000128404
887	 -7.97047e-05	 0.000309368	 9.43755e-05
888	 -7.75719e-05	 0.000308834	 0.000141682
889	 -3.96002e-05	 0.0003176	 0.000106254
890	 -9.62857e-05	 0.000303933	 0.000135957
891	 -0.000311335	 -4.13619e-08	 0.000177046
892	 -0.000318251	 -3.1223e-08	 0.000127763
893	 -0.000311496	 -3.90684e-05	 0.000164079
894	 -0.000311503	 3.90038e-05	 0.000164075
895	 -0.00030862	 7.97816e-05	 9.94352e-05
896	 -0.000306374	 7.78823e-05	 0.000150255
897	 -0.000316299	 3.99562e-05	 0.000113752
898	 -0.000302019	 9.61331e-05	 0.00014366
899	 -0.000308605	 -7.98569e-05	 9.9433e-05
900	 -0.000306368	 -7.79217e-05	 0.000150266
901	 -0.000316295	 -4.00027e-05	 0.000113755
902	 -0.000302011	 -9.61745e-05	 0.00014367
903	 1.22104e-06	 -0.000316012	 0.000164306
904	 7.78353e-07	 -0.00032027	 0.000117954
905	 4.03068e-05	 -0.000315748	 0.000150214
906	 -3.83665e-05	 -0.000315053	 0.000153232
907	 -7.96534e-05	 -0.000309394	 9.43355e-05
908	 -7.75527e-05	 -0.000308866	 0.00014162
909	 -3.95673e-05	 -0.00031762	 0.000106212
910	 -9.62873e-05	 -0.000303957	 0.000135907
911	 7.99351e-05	 -0.000309599	 8.78689e-05
912	 7.906e-05	 -0.000310049	 0.000135457
913	 4.04842e-05	 -0.000317826	 0.000102991
914	 9.73345e-05	 -0.000305366	 0.000128388
915	 0.000293054	 0.000133383	 0.000109028
916	 0.000304191	 9.82154e-05	 7.68614e-05
917	 0.000293736	 0.000125856	 7.6526e-05
918	 0.000300742	 0.000115395	 0.000115003
919	 0.000319448	 2.04946e-05	 7.99349e-05
920	 0.00031259	 6.02924e-05	 6.73465e-05
921	 0.000316126	 2.0364e-05	 5.81365e-05
922	 0.000315331	 6.01996e-05	 8.92106e-05
923	 0.000133312	 0.000292058	 0.000113735
924	 9.81412e-05	 0.000303661	 8.03817e-05
925	 0.000115481	 0.000299354	 0.000121016
926	 0.000143575	 0.000286691	 9.67509e-05
927	 0.00013432	 0.000274344	 1.54616e-05
928	 0.000169916	 0.000264298	 4.77214e-05
929	 0.000125909	 0.000283381	 3.11298e-05
930	 0.000159639	 0.000260479	 1.5525e-05
931	 2.07877e-05	 0.000318717	 8.67966e-05
932	 6.02806e-05	 0.000312184	 7.15836e-05
933	 2.04422e-05	 0.000315929	 6.3054e-05
934	 6.03418e-05	 0.000314413	 9.53674e-05
935	 -0.000132127	 0.000290695	 0.000124731
936	 -9.81772e-05	 0.000303552	 8.84935e-05
937	 -0.000142455	 0.000286077	 0.000106709
938	 -9.74025e-05	 0.000304621	 0.000112282
939	 -2.01463e-05	 0.000318714	 8.8472e-05
940	 -6.03708e-05	 0.000312326	 7.65353e-05
941	 -2.03018e-05	 0.000316062	 6.47162e-05
942	 -5.98075e-05	 0.00031417	 0.00010025
943	 -0.000107285	 0.000286372	 1.72876e-05
944	 -8.96767e-05	 0.000301427	 5.25821e-05
945	 -7.96699e-05	 0.000295227	 1.71344e-05
946	 -0.00011737	 0.000291606	 5.21702e-05
947	 -0.000289462	 0.000132276	 0.000129775
948	 -0.000302971	 9.82535e-05	 9.23295e-05
949	 -0.000296374	 0.000114385	 0.000136681
950	 -0.000285305	 0.000142632	 0.000111143
951	 -0.000274633	 0.000134622	 1.79034e-05
952	 -0.000264545	 0.000170065	 5.4969e-05
953	 -0.000291489	 0.000117628	 5.43467e-05
954	 -0.000260775	 0.000159858	 1.79322e-05
955	 -0.000317936	 2.04758e-05	 9.53554e-05
956	 -0.000311903	 6.04383e-05	 8.09475e-05
957	 -0.000315865	 2.04164e-05	 6.97007e-05
958	 -0.000313167	 6.0031e-05	 0.000106521
962	 -0.000211001	 6.99056e-05	 0.000336745
963	 -0.000188113	 -3.95687e-05	 0.000362213
964	 -0.000217217	 -1.34436e-05	 0.000340952
965	 -0.000189182	 1.28938e-05	 0.000364064
966	 -0.000210895	 -7.00082e-05	 0.000336831
967	 -0.000112406	 6.31528e-05	 0.000398968
968	 -0.000139986	 8.79081e-05	 0.000380676
970	 -0.000102197	 8.25489e-05	 0.000398223
972	 -4.72242e-05	 0.000209939	 0.000346863
973	 -3.07833e-05	 0.000225805	 0.000335271
975	 5.40874e-05	 0.000204383	 0.000353181
976	 1.73006e-06	 0.000204581	 0.000357289
977	 1.83587e-05	 0.000192235	 0.000366782
978	 2.05352e-05	 0.000228934	 0.000334704
979	 -0.000289486	 -0.000132241	 0.000129772
980	 -0.00030297	 -9.82719e-05	 9.23178e-05
981	 -0.000285313	 -0.000142632	 0.00011112
982	 -0.00029638	 -0.000114387	 0.000136679
983	 -0.000317935	 -2.05038e-05	 9.53603e-05
984	 -0.00031189	 -6.05113e-05	 8.09416e-05
985	 -0.000315863	 -2.04454e-05	 6.97011e-05
986	 -0.000313162	 -6.00724e-05	 0.000106527
987	 -0.000286495	 -0.000107211	 1.80863e-05
988	 -0.000301341	 -8.97084e-05	 5.49508e-05
989	 -0.000295328	 -7.95202e-05	 1.79316e-05
990	 -0.000291578	 -0.000117491	 5.45139e-05
991	 -0.000132173	 -0.000290695	 0.000124676
992	 -9.81738e-05	 -0.000303563	 8.84579e-05
993	 -9.74106e-05	 -0.000304635	 0.000112231
994	 -0.000142467	 -0.000286086	 0.000106674
995	 -0.000134596	 -0.000274523	 1.71372e-05
996	 -0.000169759	 -0.000264534	 5.26986e-05
997	 -0.000117515	 -0.000291523	 5.19973e-05
998	 -0.000159765	 -0.000260668	 1.71774e-05
999	 -2.0128e-05	 -0.000318727	 8.8435e-05
1000	 -6.03166e-05	 -0.000312347	 7.65061e-05
1001	 -2.02794e-05	 -0.000316071	 6.46902e-05
1002	 -5.97814e-05	 -0.00031419	 0.000100202
1004	 -4.72484e-05	 -0.000210047	 0.000346829
1006	 -5.3439e-05	 -0.000232141	 0.000323941
1007	 6.39254e-05	 -0.000216026	 0.000340701
1008	 3.04707e-05	 -0.000240059	 0.000321937
1009	 2.10008e-05	 -0.00022903	 0.000334651
1010	 7.21663e-05	 -0.000226528	 0.000327947
1011	 -3.65943e-05	 -0.000146192	 0.000391334
1012	 -6.85103e-05	 -0.000166584	 0.00037335
1013	 -4.181e-05	 -0.000178764	 0.000371771
1017	 -0.000198676	 -5.86133e-05	 0.000350419
1022	 -0.000144822	 -7.45199e-05	 0.000381971
1023	 -0.000173654	 2.59439e-05	 0.00037378
1024	 -0.000173727	 -2.64136e-05	 0.000373695
1025	 -0.000158263	 1.32171e-05	 0.000383902
1026	 -0.000189188	 -1.34531e-05	 0.000364035
1027	 0.000133321	 -0.000292073	 0.000113693
1028	 9.81413e-05	 -0.000303675	 8.03706e-05
1029	 0.000125917	 -0.000293337	 7.99945e-05
1030	 0.000115476	 -0.000299377	 0.000121002
1031	 2.08091e-05	 -0.000318728	 8.67758e-05
1032	 6.03209e-05	 -0.000312185	 7.15623e-05
1033	 2.04632e-05	 -0.000315935	 6.30363e-05
1034	 6.0367e-05	 -0.000314423	 9.53513e-05
1035	 0.000293063	 -0.000133386	 0.000109012
1036	 0.000304186	 -9.82314e-05	 7.683e-05
1037	 0.000300742	 -0.000115416	 0.000114959
1038	 0.000287313	 -0.000143491	 9.26688e-05
1039	 0.000274314	 -0.000134195	 1.47737e-05
1040	 0.000264322	 -0.000169563	 4.56795e-05
1041	 0.000283351	 -0.000125785	 2.97216e-05
1042	 0.000260471	 -0.000159425	 1.48496e-05
1043	 0.000319449	 -2.04779e-05	 7.99237e-05
1044	 0.000312597	 -6.02678e-05	 6.73319e-05
1045	 0.000316127	 -2.03474e-05	 5.81289e-05
1046	 0.000315336	 -6.01857e-05	 8.91844e-05
1047	 0.000233754	 2.60637e-05	 0.000337086
1048	 0.000233818	 -2.63726e-05	 0.00033699
1049	 0.00021414	 -1.40212e-07	 0.000357881
1050	 0.000252915	 -1.47283e-07	 0.000316465
1051	 2.16264e-06	 -0.000204683	 0.00035728
1052	 5.44853e-05	 -0.000204538	 0.00035305
1053	 1.86516e-05	 -0.000192363	 0.000366748
1054	 3.79132e-05	 -0.000217368	 0.000344347
1055	 2.96473e-05	 0.000298531	 0
1056	 8.79372e-05	 0.000286822	 0
1057	 5.02475e-05	 0.000301266	 1.56071e-05
1058	 0.000272298	 0.000171459	 0.00012568
1059	 0.000243597	 0.000209899	 0.00012646
1060	 0.000258606	 0.000188552	 0.000149784
1061	 0.000259108	 0.00018961	 9.38789e-05
1062	 0.000206121	 0.000241268	 6.36188e-05
1063	 0.00024142	 0.000205834	 6.23865e-05
1064	 0.000227079	 0.000226833	 9.4794e-05
1065	 0.000219489	 0.000219387	 3.13025e-05
1066	 0.000222137	 0.00021758	 0.000197375
1067	 0.000226885	 0.000225186	 0.000150821
1068	 0.000206954	 0.00023855	 0.000175227
1069	 0.000241888	 0.000203949	 0.000173966
1070	 -0.000298488	 3.00789e-05	 0
1071	 -0.000286799	 8.80125e-05	 0
1072	 -0.000301628	 5.08233e-05	 1.80691e-05
1073	 -0.000301269	 8.9814e-05	 5.47395e-05
1074	 -0.000286355	 0.000107415	 1.78865e-05
1075	 -0.000283719	 0.000126427	 3.5937e-05
1076	 -0.000302479	 7.05316e-05	 3.59815e-05
1077	 -0.000169099	 0.000268951	 0.000143529
1078	 -0.000207051	 0.000240506	 0.000144633
1079	 -0.000184352	 0.000253945	 0.000169066
1080	 -0.000178997	 0.000264098	 0.000125627
1081	 -0.000241168	 0.000205968	 7.32426e-05
1082	 -0.000205675	 0.000241349	 7.18726e-05
1083	 -0.000225562	 0.000225902	 0.000108841
1084	 -0.000219747	 0.000219768	 3.62228e-05
1085	 -0.000231784	 0.000201334	 0.000196195
1086	 -0.000197774	 0.000235665	 0.000194871
1087	 -0.000220456	 0.000222533	 0.000170741
1088	 -0.000209196	 0.00021448	 0.000219355
1089	 -3.04871e-05	 -0.000298447	 0
1090	 -8.82318e-05	 -0.000286732	 0
1091	 -5.10528e-05	 -0.000301553	 1.72278e-05
1092	 -8.9805e-05	 -0.000301352	 5.23532e-05
1093	 -0.00010749	 -0.000286235	 1.70948e-05
1094	 -0.000126346	 -0.000283627	 3.43794e-05
1095	 -7.06151e-05	 -0.000302447	 3.43483e-05
1096	 -0.000267699	 -0.000169156	 0.000147714
1097	 -0.000239842	 -0.000207319	 0.000146007
1098	 -0.000251419	 -0.000186165	 0.0001718
1099	 -0.000263237	 -0.000179176	 0.000129187
1100	 -0.000205645	 -0.000241363	 7.17252e-05
1101	 -0.000241164	 -0.000206005	 7.33606e-05
1102	 -0.000225563	 -0.000225917	 0.000108817
1103	 -0.000219641	 -0.000219877	 3.62153e-05
1104	 -0.000197763	 -0.000235718	 0.000194828
1105	 -0.000231771	 -0.000201385	 0.000196177
1106	 -0.000220446	 -0.000222576	 0.00017071
1107	 -0.000209181	 -0.000214543	 0.000219324
1108	 0.000298494	 -3.0024e-05	 0
1109	 0.000286785	 -8.80605e-05	 0
1110	 0.000301225	 -5.04886e-05	 1.484e-05
1111	 0.000171404	 -0.000271331	 0.000129557
1112	 0.000210025	 -0.000243135	 0.000127731
1113	 0.000190027	 -0.000256476	 0.000152328
1114	 0.000189831	 -0.000258704	 9.65374e-05
1115	 0.000241452	 -0.000205773	 6.22521e-05
1116	 0.000206188	 -0.000241246	 6.37234e-05
1117	 0.000227104	 -0.000226824	 9.47701e-05
1118	 0.000219623	 -0.000219257	 3.12946e-05
1119	 0.00022217	 -0.000217574	 0.000197398
1120	 0.000226918	 -0.000225182	 0.00015081
1121	 0.000241917	 -0.00020395	 0.000173952
1122	 0.000206994	 -0.00023855	 0.000175218
1123	 0.000236643	 0.000122343	 0.000296806
1124	 0.000204796	 0.000161348	 0.000303833
1125	 0.000229848	 0.000151426	 0.000282478
1126	 0.000212537	 0.000125041	 0.000322716
1127	 0.000154695	 0.000163682	 0.000344039
1128	 0.0001919	 0.000126599	 0.000340853
1129	 0.000184387	 0.000162998	 0.000322151
1130	 0.000161669	 0.000126494	 0.000363008
1131	 0.000213256	 0.00020512	 0.000241139
1132	 0.000200998	 0.000188644	 0.000280724
1133	 0.000188196	 0.000215036	 0.000261986
1134	 0.000225836	 0.000178463	 0.000259192
1135	 -0.000151086	 6.07381e-05	 0.000381833
1138	 -0.00013563	 4.7941e-05	 0.000391942
1139	 -0.000106655	 0.000222612	 0.000312722
1140	 -0.000143315	 0.000191566	 0.000320692
1141	 -0.000136398	 0.00021831	 0.00029865
1142	 -9.80645e-05	 0.000212497	 0.000327333
1143	 -0.000132977	 0.000125896	 0.000369734
1144	 -9.71996e-05	 0.000162295	 0.000366372
1145	 -0.000138808	 0.000160625	 0.000347259
1146	 -8.43899e-05	 0.000130567	 0.000387413
1147	 -0.000192927	 0.000201741	 0.000263965
1148	 -0.000172275	 0.00018488	 0.000304071
1149	 -0.000200029	 0.000175364	 0.000285188
1150	 -0.00016535	 0.000211476	 0.000282232
1151	 -0.000206239	 -0.000119258	 0.000320568
1152	 -0.000176384	 -0.000157273	 0.000323253
1153	 -0.000204278	 -0.000147762	 0.000304204
1154	 -0.000192628	 -0.000114879	 0.000335216
1155	 -9.69453e-05	 -0.000162616	 0.000366325
1156	 -0.000132786	 -0.000126269	 0.000369695
1157	 -0.000138601	 -0.000160941	 0.000347215
1159	 -0.000192888	 -0.000201842	 0.000263933
1160	 -0.000172192	 -0.000185043	 0.000304037
1161	 -0.000165297	 -0.000211604	 0.000282181
1162	 -0.000199973	 -0.000175488	 0.000285173
1163	 0.000153961	 -0.000221992	 0.000288087
1165	 0.000167056	 -0.000195702	 0.000307213
1167	 0.000192085	 -0.000126391	 0.000340875
1168	 0.000154916	 -0.000163527	 0.000344077
1169	 0.000184526	 -0.000162898	 0.000322173
1170	 0.000161996	 -0.000126248	 0.000362994
1171	 0.000213304	 -0.000205101	 0.000241168
1172	 0.000201072	 -0.000188612	 0.00028074
1173	 0.000225911	 -0.000178463	 0.000259143
1174	 0.000188281	 -0.000215023	 0.000261974
1175	 0.00026185	 -7.54075e-05	 0.000288324
1176	 0.000268581	 -2.51209e-05	 0.000292972
1177	 0.000249631	 -5.15188e-05	 0.000313712
1178	 0.000272802	 -6.36675e-05	 0.000275726
1179	 0.000298998	 2.61828e-05	 0.000234044
1180	 0.000299014	 -2.61304e-05	 0.000234027
1181	 0.000286192	 -2.53858e-09	 0.00026486
1182	 0.000310191	 3.25694e-08	 0.000204231
1183	 0.000285544	 0.000145678	 0.000147043
1184	 0.000283174	 0.00013524	 0.000188619
1185	 0.000272008	 0.00016326	 0.000170884
1186	 0.000293421	 0.00012776	 0.000152813
1187	 0.000301961	 5.90953e-05	 0.000212366
1188	 0.000309502	 7.17099e-05	 0.000170493
1189	 0.000295111	 9.80282e-05	 0.000200658
1190	 0.000313742	 3.32279e-05	 0.000182529
1191	 0.000248013	 0.0001661	 0.000236135
1192	 0.000255379	 0.000179262	 0.000194751
1193	 0.000267089	 0.000151701	 0.000212495
1194	 0.000235881	 0.00019316	 0.000218263
1195	 0.000285576	 -0.000145654	 0.000146974
1196	 0.000283226	 -0.000135201	 0.000188557
1197	 0.000272045	 -0.000163247	 0.000170839
1198	 0.000293451	 -0.000127736	 0.000152758
1199	 0.00030199	 -5.90491e-05	 0.000212329
1200	 0.000309524	 -7.16704e-05	 0.000170465
1201	 0.000295152	 -9.79874e-05	 0.000200609
1202	 0.000313756	 -3.31714e-05	 0.000182508
1203	 0.000248081	 -0.000166117	 0.000236038
1204	 0.000255417	 -0.000179269	 0.000194695
1205	 0.000267145	 -0.000151687	 0.000212428
1206	 0.000235923	 -0.000193161	 0.000218243
1207	 -6.19484e-05	 0.000242459	 0.000309607
1208	 -1.18435e-05	 0.000249198	 0.000311793
1209	 -5.33725e-05	 0.000231946	 0.000324105
1210	 -5.15671e-05	 0.000255152	 0.00029666
1211	 3.33618e-05	 0.000287877	 0.000248915
1212	 -1.84985e-05	 0.000286803	 0.000252463
1213	 1.03428e-05	 0.000270981	 0.000282149
1214	 4.47092e-06	 0.000301398	 0.000220139
1215	 6.35267e-05	 0.000215905	 0.000340832
1216	 2.99093e-05	 0.000239982	 0.000322015
1217	 5.50483e-05	 0.000238791	 0.000319004
1218	 3.73498e-05	 0.000217274	 0.000344433
1219	 0.000147361	 0.000282615	 0.000153252
1220	 0.000140269	 0.000276767	 0.000196482
1221	 0.000166361	 0.000267868	 0.000175704
1222	 0.000129538	 0.000290015	 0.000160327
1223	 6.44528e-05	 0.000293383	 0.000224845
1224	 7.37695e-05	 0.000304426	 0.00018167
1225	 0.000103223	 0.000287685	 0.000210956
1226	 3.57113e-05	 0.000307342	 0.000195839
1227	 0.000173778	 0.000238792	 0.000241062
1228	 0.000183834	 0.000249998	 0.000198145
1229	 0.000158039	 0.000259302	 0.000218852
1230	 0.000199163	 0.000229234	 0.00022035
1231	 -0.000142237	 0.000280648	 0.000166125
1232	 -0.000129041	 0.000274907	 0.000209781
1233	 -0.00015791	 0.000265553	 0.000191224
1234	 -0.000106651	 0.000293981	 0.000177167
1235	 -5.28243e-05	 0.000291564	 0.000231799
1236	 -6.85714e-05	 0.000302839	 0.000188047
1237	 -9.18478e-05	 0.000285713	 0.000221003
1238	 -3.00877e-05	 0.000306372	 0.000199236
1239	 -0.000155845	 0.000235639	 0.000258634
1240	 -0.000171975	 0.000247209	 0.000216065
1241	 -0.000143484	 0.000256853	 0.000234482
1242	 -0.000183598	 0.000226013	 0.000240386
1243	 -0.000224548	 -7.43065e-05	 0.00032208
1244	 -0.000229714	 -2.48024e-05	 0.000327746
1245	 -0.000215992	 -3.81818e-05	 0.00033941
1246	 -0.000238865	 -6.27326e-05	 0.0003099
1247	 -0.000275103	 2.56149e-05	 0.000267331
1248	 -0.000275082	 -2.5741e-05	 0.000267354
1249	 -0.000254964	 -7.10323e-08	 0.00029956
1250	 -0.000292206	 -5.5647e-08	 0.000235807
1251	 -0.000188067	 3.90633e-05	 0.000362311
1252	 -0.000217232	 1.28455e-05	 0.000340968
1253	 -0.000215969	 3.78405e-05	 0.000339477
1254	 -0.000203785	 -2.89533e-07	 0.000353056
1255	 -0.000277266	 0.000144061	 0.000172811
1256	 -0.000267808	 0.000134117	 0.000218256
1257	 -0.000260879	 0.000161342	 0.000196396
1258	 -0.000284179	 0.000126307	 0.000179378
1259	 -0.000282463	 5.81265e-05	 0.000244333
1260	 -0.00029739	 7.0623e-05	 0.000199183
1261	 -0.000277675	 9.70176e-05	 0.000231631
1262	 -0.000299651	 3.25728e-05	 0.000212256
1263	 -0.000225612	 0.000163842	 0.000263875
1264	 -0.000241198	 0.00017705	 0.000219694
1265	 -0.000248315	 0.000150044	 0.000241303
1266	 -0.000218586	 0.00019028	 0.000242625
1267	 -0.00027725	 -0.000144104	 0.000172835
1268	 -0.000267768	 -0.000134195	 0.000218295
1269	 -0.000260858	 -0.000161398	 0.000196407
1270	 -0.000284161	 -0.000126359	 0.000179401
1271	 -0.00028243	 -5.8238e-05	 0.000244368
1272	 -0.000297373	 -7.07e-05	 0.0001992
1273	 -0.000277638	 -9.71118e-05	 0.000231666
1274	 -0.000299639	 -3.26674e-05	 0.000212269
1275	 -0.000225561	 -0.000163941	 0.000263886
1276	 -0.000241173	 -0.000177116	 0.000219692
1277	 -0.00024827	 -0.000150132	 0.000241328
1278	 -0.000218558	 -0.000190356	 0.000242613
1279	 8.81671e-05	 -0.000244969	 0.000300458
1280	 3.83017e-05	 -0.000250156	 0.000308722
1281	 5.53689e-05	 -0.000238891	 0.000318887
1282	 7.51012e-05	 -0.000257451	 0.000288692
1283	 -1.84183e-05	 -0.000286887	 0.000252388
1284	 3.34526e-05	 -0.00028792	 0.000248896
1285	 1.04583e-05	 -0.000271079	 0.000282069
1286	 4.54634e-06	 -0.000301454	 0.000220081
1287	 -0.000142223	 -0.000280697	 0.00016604
1288	 -0.000129007	 -0.000274993	 0.000209675
1289	 -0.000157891	 -0.000265615	 0.000191151
1290	 -0.000106618	 -0.000294038	 0.000177088
1291	 -5.27584e-05	 -0.000291654	 0.000231702
1292	 -6.85234e-05	 -0.000302898	 0.000187972
1293	 -9.17982e-05	 -0.000285802	 0.000220902
1294	 -3.00237e-05	 -0.00030643	 0.000199166
1295	 -0.000155808	 -0.000235752	 0.000258556
1296	 -0.000171954	 -0.000247281	 0.000216004
1297	 -0.00014345	 -0.000256953	 0.00023439
1298	 -0.000183576	 -0.000226096	 0.000240336
1299	 0.000147388	 -0.000282628	 0.000153256
1300	 0.000140314	 -0.000276776	 0.000196493
1301	 0.000166402	 -0.000267876	 0.000175691
1302	 0.000129573	 -0.000290029	 0.00016032
1303	 6.45428e-05	 -0.000293406	 0.000224835
1304	 7.38318e-05	 -0.000304448	 0.000181643
1305	 0.000103292	 -0.000287698	 0.000210954
1306	 3.57812e-05	 -0.000307377	 0.0001958
1307	 0.000173871	 -0.000238794	 0.000241018
1308	 0.000183898	 -0.000249998	 0.000198114
1309	 0.000158109	 -0.000259304	 0.000218841
1310	 0.000199219	 -0.000229228	 0.000220348
1311	 0.00031777	 1.9964e-05	 0.00016674
1312	 0.000314561	 5.86635e-05	 0.000154886
1313	 0.000312294	 5.26175e-05	 0.000176337
1314	 0.00032041	 1.98768e-05	 0.000145323
1315	 0.000321296	 2.00051e-05	 0.000102026
1316	 0.000316416	 5.87519e-05	 0.000133264
1317	 0.00031661	 5.96832e-05	 0.000111273
1318	 0.000321593	 1.98988e-05	 0.000123692
1319	 0.000289876	 0.000116882	 0.000194245
1320	 0.000305335	 9.10498e-05	 0.000164419
1321	 0.000300054	 0.000109452	 0.000158528
1322	 0.00030298	 8.50589e-05	 0.000185709
1323	 0.000225179	 0.000206469	 1.5324e-05
1324	 0.000247522	 0.00019341	 4.63164e-05
1325	 0.000231189	 0.000212716	 4.66851e-05
1326	 0.000244147	 0.000183576	 1.51331e-05
1327	 0.000274501	 0.000133942	 1.49501e-05
1328	 0.000264489	 0.000169402	 4.59397e-05
1329	 0.000279074	 0.000143842	 4.51957e-05
1330	 0.000260582	 0.000159314	 1.49606e-05
1331	 0.000236297	 0.000218224	 0.000110558
1332	 0.000251092	 0.000197642	 7.80114e-05
1333	 0.000251844	 0.000200228	 0.000110084
1334	 0.000234765	 0.00021676	 7.85182e-05
1335	 0.00020677	 0.000225239	 1.61359e-05
1336	 0.000193784	 0.000247598	 4.83733e-05
1337	 0.000212952	 0.000231129	 4.74559e-05
1338	 0.000183808	 0.000244204	 1.58884e-05
1339	 0.000108185	 0.000297869	 6.32925e-05
1340	 0.000161464	 0.000272958	 6.35306e-05
1341	 0.000126021	 0.000293274	 7.99499e-05
1342	 0.00014427	 0.000278905	 4.71403e-05
1343	 0.000218404	 0.000235992	 0.000111247
1344	 0.000197919	 0.000250843	 7.99437e-05
1345	 0.000200333	 0.00025138	 0.00011206
1346	 0.000216985	 0.000234549	 7.91812e-05
1347	 2.09596e-05	 0.000312368	 0.00018031
1348	 5.91844e-05	 0.00031051	 0.000166344
1349	 5.48691e-05	 0.000306582	 0.000188605
1350	 2.07015e-05	 0.000316525	 0.000157415
1351	 2.04605e-05	 0.000319754	 0.000110774
1352	 5.91389e-05	 0.000313652	 0.000143117
1353	 5.99552e-05	 0.000314903	 0.000119311
1354	 2.05467e-05	 0.000318999	 0.000134171
1355	 0.00012199	 0.000283005	 0.000203337
1356	 9.30112e-05	 0.000300863	 0.000174418
1357	 0.000111308	 0.000296143	 0.000167297
1358	 8.87068e-05	 0.000296778	 0.000196487
1359	 1.63434e-05	 0.000306777	 0.000202914
1360	 4.52778e-05	 0.000293856	 0.000232105
1361	 5.02067e-05	 0.000300934	 0.000210863
1362	 1.92228e-05	 0.000295283	 0.000234787
1363	 2.47801e-05	 0.00026115	 0.000295799
1364	 4.7839e-05	 0.000278754	 0.000263168
1365	 4.98922e-05	 0.000260017	 0.000292987
1366	 2.19376e-05	 0.000280096	 0.000265903
1367	 0.000117214	 0.000277211	 0.000224969
1368	 7.89187e-05	 0.00028404	 0.000239192
1369	 0.000112059	 0.000270452	 0.000244902
1370	 8.40008e-05	 0.000291149	 0.000218147
1371	 0.000145496	 0.000126321	 0.000372598
1372	 0.000138528	 0.000163486	 0.000353869
1373	 0.000158378	 0.000145806	 0.000353849
1374	 0.000121407	 0.000142457	 0.000375514
1378	 0.000195329	 0.00014487	 0.000326102
1379	 0.000313882	 1.35603e-05	 0.000188638
1380	 0.000303124	 3.96931e-05	 0.000218627
1381	 0.000308414	 4.62417e-05	 0.000197908
1382	 0.000305195	 1.3406e-05	 0.000219399
1383	 0.000277899	 1.31179e-05	 0.000279333
1384	 0.00029123	 3.92826e-05	 0.000248884
1385	 0.000276152	 3.8391e-05	 0.000278202
1386	 0.000293225	 1.31489e-05	 0.000249755
1387	 0.000285954	 0.00011051	 0.000215228
1388	 0.000293892	 7.20733e-05	 0.000227236
1389	 0.000281023	 0.000103858	 0.000234679
1390	 0.00029915	 7.87217e-05	 0.000206712
1391	 -1.849e-05	 0.000311869	 0.000181757
1392	 -5.70721e-05	 0.000309172	 0.000170756
1393	 -4.95251e-05	 0.00030528	 0.000193454
1394	 -1.86359e-05	 0.000316146	 0.000158914
1395	 -1.92793e-05	 0.000319622	 0.000112363
1396	 -5.74872e-05	 0.000312675	 0.000147686
1397	 -5.88383e-05	 0.000314284	 0.000124068
1398	 -1.89105e-05	 0.000318742	 0.000135725
1399	 -0.000110824	 0.00028105	 0.000214934
1400	 -8.79136e-05	 0.000299066	 0.000182339
1401	 -0.000117982	 0.000285178	 0.000193717
1402	 -8.04084e-05	 0.00029498	 0.00020474
1403	 -0.000206684	 0.000225476	 1.77836e-05
1404	 -0.000193461	 0.000247828	 5.34743e-05
1405	 -0.000212856	 0.000231425	 5.38933e-05
1406	 -0.000183862	 0.000244381	 1.75504e-05
1407	 -0.000134353	 0.000274703	 1.73267e-05
1408	 -0.000169567	 0.000264719	 5.30233e-05
1409	 -0.000144107	 0.000279322	 5.23278e-05
1410	 -0.000159655	 0.000260784	 1.73231e-05
1411	 -0.000216162	 0.000234322	 0.000126674
1412	 -0.00019701	 0.000250564	 8.97061e-05
1413	 -0.000188255	 0.000258013	 0.000107649
1414	 -0.000216141	 0.000234216	 9.03124e-05
1415	 -0.000225662	 0.000206848	 1.86683e-05
1416	 -0.000247913	 0.000193784	 5.57375e-05
1417	 -0.000231387	 0.00021305	 5.47321e-05
1418	 -0.000244552	 0.000183957	 1.83714e-05
1419	 -0.000297818	 0.00010849	 7.30747e-05
1420	 -0.000272849	 0.00016148	 7.32242e-05
1421	 -0.000279694	 0.000152522	 9.21266e-05
1422	 -0.000279182	 0.000144522	 5.44467e-05
1423	 -0.000233864	 0.000216465	 0.00012744
1424	 -0.000250231	 0.000197318	 9.18415e-05
1425	 -0.000249098	 0.000198548	 0.000128259
1426	 -0.000233934	 0.000216413	 9.1039e-05
1427	 -0.000306252	 1.94775e-05	 0.000194821
1428	 -0.00030485	 5.75892e-05	 0.000181963
1429	 -0.000299224	 5.17646e-05	 0.000205544
1430	 -0.00031207	 1.94607e-05	 0.000170693
1431	 -0.000317981	 1.97541e-05	 0.00012106
1432	 -0.000309691	 5.78914e-05	 0.000157453
1433	 -0.000312424	 5.91671e-05	 0.000132133
1434	 -0.000315999	 1.95684e-05	 0.000146036
1435	 -0.000273549	 0.000115911	 0.000224481
1436	 -0.000294203	 8.98972e-05	 0.000192401
1437	 -0.000289896	 0.000108132	 0.000185774
1438	 -0.000288293	 8.40462e-05	 0.000215666
1439	 -0.000298785	 1.32478e-05	 0.000218756
1440	 -0.000282416	 3.88845e-05	 0.000251048
1441	 -0.000291601	 4.54827e-05	 0.00022897
1442	 -0.000284304	 1.30876e-05	 0.000251944
1443	 -0.000242932	 1.28463e-05	 0.000314167
1444	 -0.000263991	 3.85044e-05	 0.000282801
1445	 -0.000241546	 3.77355e-05	 0.00031279
1446	 -0.000265736	 1.28529e-05	 0.000283877
1447	 -0.000265606	 0.000109496	 0.000246932
1448	 -0.000271346	 7.09779e-05	 0.000260002
1449	 -0.000256745	 0.000102795	 0.000267226
1450	 -0.000280639	 7.7736e-05	 0.000238277
1451	 -8.63177e-05	 0.000106815	 0.000396084
1452	 -0.000129762	 0.00010711	 0.000379183
1453	 -0.000112253	 0.0001262	 0.000379209
1454	 -0.000119222	 8.82872e-05	 0.00039016
1455	 -0.000158575	 0.00015862	 0.000335861
1456	 -0.000153289	 0.000124433	 0.00035903
1457	 -0.000174465	 0.000140457	 0.000335836
1458	 -0.000136216	 0.000143558	 0.000359047
1459	 -6.12314e-05	 0.000129593	 0.000394073
1460	 -6.88591e-05	 0.000166245	 0.000373406
1461	 -8.77487e-05	 0.000149153	 0.000377296
1462	 -3.69165e-05	 0.000145935	 0.000391346
1465	 -4.20853e-05	 0.000178562	 0.000371793
1467	 -0.000140752	 0.000177004	 0.000334429
1468	 -9.97031e-05	 0.000179208	 0.000354203
1469	 -9.56269e-05	 0.000198091	 0.000341332
1470	 -0.000118274	 0.000161878	 0.000357445
1471	 -1.04605e-05	 0.000306179	 0.000204884
1472	 -3.33292e-05	 0.000292182	 0.000237628
1473	 -4.15291e-05	 0.00029951	 0.000216118
1474	 -7.29178e-06	 0.000294705	 0.00023667
1475	 -1.35211e-06	 0.000260619	 0.00029749
1476	 -3.00411e-05	 0.000277165	 0.000268402
1477	 -4.10546e-05	 0.000266791	 0.000282786
1478	 -4.12741e-06	 0.000279559	 0.000267656
1479	 -0.000102848	 0.000275099	 0.000236699
1480	 -6.42117e-05	 0.000281844	 0.000247842
1481	 -9.47351e-05	 0.000268128	 0.000256521
1482	 -7.24986e-05	 0.000289214	 0.000226647
1483	 -0.000306248	 -1.95625e-05	 0.000194823
1484	 -0.00030484	 -5.76571e-05	 0.000181969
1485	 -0.000299209	 -5.18501e-05	 0.000205559
1486	 -0.000312066	 -1.95352e-05	 0.000170695
1487	 -0.000317979	 -1.98052e-05	 0.000121061
1488	 -0.000309684	 -5.79482e-05	 0.000157459
1489	 -0.000312417	 -5.92169e-05	 0.000132138
1490	 -0.000315996	 -1.96305e-05	 0.000146038
1491	 -0.00027351	 -0.000115996	 0.00022452
1492	 -0.000294184	 -8.99667e-05	 0.00019242
1493	 -0.000289878	 -0.00010819	 0.000185798
1494	 -0.000288266	 -8.41319e-05	 0.000215694
1495	 -0.000225539	 -0.000206924	 1.85308e-05
1496	 -0.000247858	 -0.00019386	 5.5725e-05
1497	 -0.000231309	 -0.000213122	 5.46464e-05
1498	 -0.000244468	 -0.000184035	 1.82987e-05
1499	 -0.000274812	 -0.000134385	 1.80917e-05
1500	 -0.000264731	 -0.000169879	 5.52803e-05
1501	 -0.000279322	 -0.000144329	 5.46355e-05
1502	 -0.000260889	 -0.000159755	 1.80748e-05
1503	 -0.00023386	 -0.000216492	 0.000127396
1504	 -0.000250248	 -0.000197319	 9.19421e-05
1505	 -0.000257457	 -0.000188529	 0.000110561
1506	 -0.000233915	 -0.000216448	 9.10457e-05
1507	 -0.000206604	 -0.000225606	 1.79122e-05
1508	 -0.000193382	 -0.000247896	 5.34649e-05
1509	 -0.000212785	 -0.000231513	 5.39558e-05
1510	 -0.000183784	 -0.000244468	 1.76155e-05
1511	 -0.000108383	 -0.000298072	 6.99273e-05
1512	 -0.000161171	 -0.000273006	 7.01538e-05
1513	 -0.000152258	 -0.000280124	 8.83581e-05
1514	 -0.000144308	 -0.000279185	 5.21296e-05
1515	 -0.000216156	 -0.000234347	 0.000126664
1516	 -0.000197016	 -0.000250561	 8.95653e-05
1517	 -0.000198336	 -0.000249764	 0.000126061
1518	 -0.000216119	 -0.000234246	 9.02656e-05
1519	 -1.84275e-05	 -0.000311914	 0.000181702
1520	 -5.70254e-05	 -0.000309219	 0.000170696
1521	 -4.94692e-05	 -0.000305339	 0.000193382
1522	 -1.85809e-05	 -0.000316182	 0.000158864
1523	 -1.92419e-05	 -0.000319643	 0.000112323
1524	 -5.74488e-05	 -0.000312711	 0.00014763
1525	 -5.88052e-05	 -0.000314312	 0.000124016
1526	 -1.88645e-05	 -0.00031877	 0.000135679
1527	 -0.000110783	 -0.000281138	 0.00021483
1528	 -8.78731e-05	 -0.000299125	 0.000182261
1529	 -0.00011795	 -0.000285248	 0.000193623
1530	 -8.03597e-05	 -0.000295054	 0.00020465
1531	 -1.03881e-05	 -0.000306235	 0.000204816
1532	 -3.32572e-05	 -0.000292271	 0.000237532
1533	 -4.1464e-05	 -0.000299583	 0.000216034
1534	 -7.21208e-06	 -0.000294774	 0.000236607
1535	 -1.15765e-06	 -0.000260706	 0.000297451
1536	 -2.99583e-05	 -0.000277274	 0.000268307
1537	 -2.63327e-05	 -0.000258725	 0.0002977
1538	 -4.03498e-06	 -0.000279644	 0.000267591
1539	 -0.000102797	 -0.000275205	 0.000236589
1540	 -6.41454e-05	 -0.000281953	 0.000247733
1541	 -9.46772e-05	 -0.000268252	 0.000256407
1542	 -7.24407e-05	 -0.000289303	 0.000226549
1545	 -8.74303e-05	 -0.000149509	 0.000377264
1547	 -0.000140638	 -0.000177268	 0.000334344
1548	 -9.94513e-05	 -0.000179537	 0.000354125
1549	 -0.000123062	 -0.000193669	 0.000331553
1550	 -0.000118083	 -0.000162207	 0.000357375
1552	 -0.000133134	 -0.000101328	 0.000379698
1553	 -0.000116092	 -0.000120601	 0.000380043
1554	 -0.000105805	 -7.67243e-05	 0.000398427
1557	 -0.000127745	 -6.8646e-05	 0.000391588
1559	 -0.000158408	 -0.000158849	 0.000335862
1560	 -0.000153082	 -0.000124806	 0.000359014
1561	 -0.000174976	 -0.000116633	 0.000348259
1562	 -0.000136007	 -0.000143871	 0.000359027
1563	 -0.000298777	 -1.33511e-05	 0.000218768
1564	 -0.000282386	 -3.90047e-05	 0.000251083
1565	 -0.00029158	 -4.55859e-05	 0.000228994
1566	 -0.000284295	 -1.32046e-05	 0.000251955
1567	 -0.000242934	 -1.30631e-05	 0.000314155
1568	 -0.000263975	 -3.86428e-05	 0.000282804
1569	 -0.00025212	 -5.09262e-05	 0.000296638
1570	 -0.000265732	 -1.29895e-05	 0.000283876
1571	 -0.000265557	 -0.000109599	 0.000246973
1572	 -0.0002713	 -7.10955e-05	 0.000260047
1573	 -0.000256686	 -0.000102912	 0.000267271
1574	 -0.000280604	 -7.78388e-05	 0.00023831
1575	 2.10249e-05	 -0.000312404	 0.000180262
1576	 5.92399e-05	 -0.000310534	 0.000166305
1577	 5.49374e-05	 -0.000306609	 0.000188573
1578	 2.07596e-05	 -0.000316553	 0.000157372
1579	 2.05013e-05	 -0.00031977	 0.00011074
1580	 5.91852e-05	 -0.00031367	 0.000143083
1581	 5.9993e-05	 -0.000314916	 0.000119283
1582	 2.05959e-05	 -0.000319021	 0.000134132
1583	 0.000122051	 -0.000283013	 0.000203343
1584	 9.30668e-05	 -0.00030088	 0.000174397
1585	 0.000111356	 -0.000296157	 0.000167282
1586	 8.87738e-05	 -0.000296796	 0.000196473
1587	 0.00020686	 -0.000225093	 1.59862e-05
1588	 0.000193884	 -0.000247518	 4.83312e-05
1589	 0.000213046	 -0.000231023	 4.73577e-05
1590	 0.000183884	 -0.000244114	 1.58013e-05
1591	 0.000134062	 -0.000274537	 1.56393e-05
1592	 0.000169752	 -0.000264475	 4.7973e-05
1593	 0.000144059	 -0.000279056	 4.72833e-05
1594	 0.000159529	 -0.000260592	 1.56358e-05
1595	 0.000218442	 -0.000235977	 0.000111217
1596	 0.000197943	 -0.000250852	 8.0037e-05
1597	 0.000200368	 -0.000251374	 0.000112052
1598	 0.000217039	 -0.000234515	 7.91818e-05
1599	 0.000225331	 -0.000206376	 1.54643e-05
1600	 0.000247615	 -0.000193309	 4.63375e-05
1601	 0.000231304	 -0.000212625	 4.67592e-05
1602	 0.000244239	 -0.000183501	 1.52124e-05
1603	 0.000298101	 -0.000108177	 6.04187e-05
1604	 0.000273079	 -0.000161164	 6.07438e-05
1605	 0.000293684	 -0.000125968	 7.64402e-05
1606	 0.000278932	 -0.000144049	 4.50406e-05
1607	 0.000236333	 -0.000218206	 0.000110532
1608	 0.000251097	 -0.000197626	 7.78817e-05
1609	 0.000251872	 -0.000200211	 0.000110035
1610	 0.000234812	 -0.000216717	 7.84777e-05
1611	 0.000317776	 -1.99091e-05	 0.000166736
1612	 0.000314576	 -5.86231e-05	 0.000154869
1613	 0.000312311	 -5.2571e-05	 0.000176316
1614	 0.000320415	 -1.98287e-05	 0.000145318
1615	 0.0003213	 -1.99713e-05	 0.000102022
1616	 0.000316428	 -5.87196e-05	 0.000133245
1617	 0.000316619	 -5.9657e-05	 0.000111253
1618	 0.000321597	 -1.98581e-05	 0.000123686
1619	 0.00028992	 -0.000116844	 0.000194193
1620	 0.00030536	 -9.10155e-05	 0.000164386
1621	 0.00030008	 -0.000109426	 0.000158486
1622	 0.000303011	 -8.50187e-05	 0.000185671
1623	 0.000313891	 -1.34955e-05	 0.000188618
1624	 0.000303151	 -3.96311e-05	 0.000218589
1625	 0.000308436	 -4.61873e-05	 0.000197875
1626	 0.000305204	 -1.33487e-05	 0.000219385
1627	 0.000277922	 -1.31938e-05	 0.000279293
1628	 0.000291259	 -3.92441e-05	 0.000248848
1629	 0.000282639	 -5.1724e-05	 0.000262454
1630	 0.000293234	 -1.31214e-05	 0.000249743
1631	 0.000286008	 -0.000110468	 0.000215168
1632	 0.000293932	 -7.2029e-05	 0.000227189
1633	 0.000281078	 -0.000103826	 0.000234619
1634	 0.000299186	 -7.86772e-05	 0.000206667
1638	 0.000195474	 -0.000144728	 0.000326129
1639	 0.000145861	 -0.000126016	 0.000372625
1640	 0.000138798	 -0.000163262	 0.00035395
1641	 0.000158629	 -0.000145578	 0.000353899
1642	 0.000121708	 -0.000142332	 0.000375528
1643	 1.64156e-05	 -0.000306819	 0.00020287
1644	 4.53655e-05	 -0.00029389	 0.000232088
1645	 5.02838e-05	 -0.000300966	 0.000210837
1646	 1.93037e-05	 -0.000295334	 0.000234748
1647	 2.49823e-05	 -0.000261229	 0.000295741
1648	 4.79472e-05	 -0.000278813	 0.000263114
1649	 6.17687e-05	 -0.00026881	 0.000276085
1650	 2.20444e-05	 -0.000280165	 0.000265849
1651	 0.000117285	 -0.000277219	 0.000224977
1652	 7.9012e-05	 -0.000284057	 0.000239194
1653	 0.000112151	 -0.000270451	 0.00024492
1654	 8.40793e-05	 -0.000291168	 0.00021814
1657	 9.42088e-05	 0.000220105	 0.000326712
1659	 -8.95553e-05	 -0.000101244	 0.000396979
1660	 -6.08395e-05	 -0.00013008	 0.000394009
1661	 -8.94586e-05	 -0.000126478	 0.000387608
