1	 0.0003	 3.24512e-07	 0
2	 3.42948e-07	 0.0003	 0
3	 -0.0003	 4.19393e-07	 0
4	 3.81831e-07	 -0.0003	 0
5	 0.000123847	 -2.71774e-05	 0.00040451
6	 -2.60893e-05	 0.000122886	 0.000404923
7	 -0.000175167	 -2.59984e-05	 0.000380236
8	 -2.52304e-05	 -0.000176061	 0.000379823
9	 0.00047	 0.00047	 0
10	 -0.00047	 0.00047	 0
11	 -0.00047	 -0.00047	 0
12	 0.00047	 -0.00047	 0
13	 0.000204975	 0.000204815	 0.000246187
14	 -0.000213434	 0.000206553	 0.000231652
15	 -0.000214776	 -0.000214873	 0.000216495
16	 0.000206745	 -0.000213623	 0.000231141
17	 -2.56598e-05	 -2.65879e-05	 0.000392373
18	 0	 0	 0
19	 0.000212064	 0.0002122	 0
20	 -0.000212205	 0.000212059	 0
21	 -0.000212071	 -0.000212193	 0
22	 0.000212186	 -0.000212078	 0
23	 7.9523e-05	 7.89196e-05	 0.00040983
24	 -0.00013191	 7.92933e-05	 0.000392627
25	 -0.000130843	 -0.000132095	 0.000374916
26	 8.05904e-05	 -0.000132469	 0.000392119
27	 0.000308381	 -8.32184e-07	 0.000196409
28	 -8.35979e-07	 0.000308261	 0.000196723
29	 -0.000313975	 -2.07481e-07	 0.000177889
30	 -1.64044e-07	 -0.000314081	 0.000177562
31	 0.00028095	 0.000148134	 0.000148557
32	 0.000148151	 0.000280917	 0.000148652
33	 9.17749e-05	 0.000226786	 0.000316826
34	 0.000227096	 9.15438e-05	 0.000316628
35	 -0.000148789	 0.000281938	 0.000140607
36	 -0.000282587	 0.000149528	 0.000133457
37	 -0.000247186	 9.29167e-05	 0.000293817
38	 -0.000106839	 0.000228515	 0.000308366
39	 -0.000283467	 -0.00014967	 0.000125709
40	 -0.000149692	 -0.000283476	 0.000125506
41	 -0.000107283	 -0.000248928	 0.000284702
42	 -0.00024855	 -0.000107571	 0.000285019
43	 0.000149548	 -0.000282645	 0.000133093
44	 0.000281996	 -0.000148836	 0.000140169
45	 0.000228992	 -0.0001071	 0.000307777
46	 9.32294e-05	 -0.000247508	 0.000293349
47	 0.000276949	 0.000115321	 0
48	 -0.000115021	 0.000277074	 0
49	 -0.000277112	 -0.000114929	 0
50	 0.000115296	 -0.00027696	 0
51	 0.00011224	 3.02188e-05	 0.000408397
52	 -8.34203e-05	 0.000111672	 0.000399306
53	 -0.000163559	 -8.33946e-05	 0.00037635
54	 3.21007e-05	 -0.000164847	 0.000385441
55	 0.000319743	 -3.54304e-07	 9.97227e-05
56	 -3.58798e-07	 0.000319732	 9.99036e-05
57	 -0.000319763	 6.38327e-08	 8.93824e-05
58	 7.56153e-08	 -0.000319769	 8.92021e-05
59	 0	 0.00047	 0
60	 -0.00047	 0	 0
61	 0	 -0.00047	 0
62	 0.00047	 0	 0
63	 0.000307351	 8.03457e-05	 7.35626e-05
64	 8.0215e-05	 0.000307386	 7.36343e-05
65	 3.54436e-05	 0.000184086	 0.000369929
66	 0.000184789	 3.47668e-05	 0.000369574
67	 -7.98111e-05	 0.000307035	 6.93139e-05
68	 -0.000306726	 8.0122e-05	 6.54969e-05
69	 -0.000219499	 3.56023e-05	 0.000343333
70	 -6.9285e-05	 0.00018391	 0.000363708
71	 -0.000306404	 -7.93339e-05	 6.14424e-05
72	 -7.929e-05	 -0.000306413	 6.13297e-05
73	 -6.85057e-05	 -0.000219377	 0.000336848
74	 -0.000218893	 -6.90272e-05	 0.000337081
75	 8.01645e-05	 -0.000306701	 6.52868e-05
76	 0.000307054	 -7.96931e-05	 6.90994e-05
77	 0.000184553	 -6.99345e-05	 0.000363157
78	 3.61925e-05	 -0.000220194	 0.000342682
79	 4.90937e-05	 -2.68826e-05	 0.000398442
80	 -2.58746e-05	 4.81488e-05	 0.000398648
81	 -0.000100413	 -2.62931e-05	 0.000386305
82	 -2.54451e-05	 -0.000101325	 0.000386098
83	 0.000235	 0.000235	 0
84	 -0.000235	 0.000235	 0
85	 -0.000235	 -0.000235	 0
86	 0.000235	 -0.000235	 0
87	 0.000115501	 0.000276875	 0
88	 0.000224615	 0.000224604	 0.000147972
89	 -0.000276875	 0.0001155	 0
90	 -0.000225558	 0.00022603	 0.000136228
91	 -0.000115471	 -0.000276887	 0
92	 -0.00022672	 -0.000226716	 0.000124627
93	 0.000276999	 -0.000115203	 0
94	 0.000226074	 -0.00022561	 0.000135817
95	 3.10069e-05	 0.000111345	 0.000408606
96	 0.000166267	 0.000166019	 0.000327701
97	 2.69316e-05	 2.61659e-05	 0.000401102
98	 -0.000164012	 3.10079e-05	 0.000385945
99	 -0.000185073	 0.000168497	 0.000311571
100	 -7.87849e-05	 2.63527e-05	 0.0003925
101	 -8.23266e-05	 -0.00016452	 0.000376141
102	 -0.000183136	 -0.000181677	 0.000304021
103	 -7.82512e-05	 -7.93416e-05	 0.000383645
104	 0.000112693	 -8.41837e-05	 0.000398801
105	 0.000168928	 -0.000185412	 0.000311017
106	 2.74653e-05	 -7.95285e-05	 0.000392246
107	 0.000239169	 -8.02484e-06	 0.000323415
108	 0.000265364	 0.000124336	 0.000239024
109	 0.000266241	 -0.000132767	 0.000229721
110	 -7.76722e-06	 0.000238749	 0.00032382
111	 0.000124483	 0.000265204	 0.000239168
112	 -0.000132626	 0.000265991	 0.0002303
113	 -0.000260726	 -7.63238e-06	 0.000299228
114	 -0.000275305	 0.000125175	 0.000218185
115	 -0.00027578	 -0.000132683	 0.000209361
116	 -7.12325e-06	 -0.000261157	 0.000298757
117	 -0.000132547	 -0.000275958	 0.000209111
118	 0.000125325	 -0.000275471	 0.000217745
119	 0.000249107	 0.000180497	 0.000198293
120	 0.00030451	 7.60527e-05	 0.000172742
121	 0.000257468	 0.000186145	 7.4188e-05
122	 0.000180588	 0.000249017	 0.000198336
123	 0.000186182	 0.000257405	 7.39695e-05
124	 7.60499e-05	 0.000304446	 0.000172955
125	 0.000150539	 0.000220884	 0.000286371
126	 4.71191e-05	 0.000277335	 0.000263232
127	 8.93411e-05	 0.000161215	 0.000372019
128	 0.000221119	 0.000150338	 0.000286267
129	 0.000161739	 8.90024e-05	 0.000371836
130	 0.000277532	 4.69891e-05	 0.000262982
131	 -0.000184975	 0.000250337	 0.000186718
132	 -7.69662e-05	 0.000305188	 0.000169134
133	 -0.000186123	 0.000257131	 6.99469e-05
134	 -0.000253922	 0.000181835	 0.000183276
135	 -0.000256608	 0.000186066	 6.59549e-05
136	 -0.000308086	 7.72195e-05	 0.000155619
137	 -0.000235799	 0.000152057	 0.000266636
138	 -0.000289889	 4.80523e-05	 0.000240706
139	 -0.000196628	 8.90681e-05	 0.000348866
140	 -0.000162449	 0.000222565	 0.000274631
141	 -0.000123724	 0.000161991	 0.000358314
142	 -5.59458e-05	 0.000278549	 0.000258423
143	 -0.000254958	 -0.000185837	 0.000171496
144	 -0.000308855	 -7.72766e-05	 0.000151906
145	 -0.000256414	 -0.000185828	 6.21395e-05
146	 -0.000185799	 -0.000255013	 0.000171424
147	 -0.000185817	 -0.000256365	 6.18288e-05
148	 -7.72772e-05	 -0.000308912	 0.000151655
149	 -0.000163073	 -0.00023736	 0.000254658
150	 -5.58074e-05	 -0.000291141	 0.000235475
151	 -0.000122132	 -0.000197557	 0.000334565
152	 -0.000237137	 -0.000163249	 0.000254796
153	 -0.000196849	 -0.00012288	 0.000334745
154	 -0.000290914	 -5.59795e-05	 0.00023583
155	 0.000181933	 -0.000254039	 0.000182826
156	 7.72466e-05	 -0.000308167	 0.000155277
157	 0.000186057	 -0.00025665	 6.60125e-05
158	 0.000250459	 -0.000185086	 0.000186235
159	 0.000257063	 -0.000186138	 6.94589e-05
160	 0.000305291	 -7.69854e-05	 0.000168753
161	 0.000222919	 -0.000162677	 0.000274047
162	 0.000278848	 -5.60784e-05	 0.000257911
163	 0.000162761	 -0.000124058	 0.000357749
164	 0.000152302	 -0.000236061	 0.000266138
165	 8.99021e-05	 -0.000197104	 0.000348276
166	 4.82298e-05	 -0.000290098	 0.000240307
167	 0.000249739	 0.000166223	 0
168	 0.000293962	 5.98875e-05	 0
169	 0.000287194	 0.000135507	 7.27727e-05
170	 -0.000166086	 0.000249831	 0
171	 -5.94284e-05	 0.000294055	 0
172	 -0.00013521	 0.00028691	 6.84987e-05
173	 -0.000249867	 -0.000166032	 0
174	 -0.000294069	 -5.93603e-05	 0
175	 -0.000286231	 -0.000134837	 6.06372e-05
176	 0.000166199	 -0.000249755	 0
177	 5.99557e-05	 -0.000293948	 0
178	 0.000135373	 -0.000286449	 6.45044e-05
179	 9.85882e-05	 5.57013e-05	 0.000409429
180	 0.000120762	 2.62364e-06	 0.000406768
181	 0.000174343	 6.2252e-05	 0.00037154
182	 4.32899e-05	 1.81544e-06	 0.000400385
183	 -0.000108816	 9.81965e-05	 0.000396101
184	 -5.58766e-05	 0.000120005	 0.000402253
185	 -9.69488e-05	 0.000173869	 0.000361919
186	 -5.45401e-05	 4.25418e-05	 0.000395839
187	 -0.000149908	 -0.000108877	 0.000375317
188	 -0.000172082	 -5.57994e-05	 0.000377978
189	 -0.000208743	 -9.63521e-05	 0.000336829
190	 -9.46095e-05	 -5.49912e-05	 0.000384361
191	 5.74964e-05	 -0.000151372	 0.000388645
192	 4.5569e-06	 -0.00017318	 0.000382494
193	 6.33456e-05	 -0.000209607	 0.000346383
194	 3.22041e-06	 -9.57176e-05	 0.000388907
195	 0.000317752	 -6.20739e-07	 0.000148582
196	 0.00031404	 -4.59636e-08	 5.00107e-05
197	 0.000309717	 7.90206e-05	 0.000123361
198	 0.000309969	 -7.92681e-05	 0.000119048
199	 -6.24815e-07	 0.000317697	 0.000148836
200	 -5.21305e-08	 0.000314049	 5.01068e-05
201	 7.90204e-05	 0.000309697	 0.000123497
202	 -7.9265e-05	 0.000309935	 0.000119361
203	 -0.000319947	 -8.36633e-08	 0.000133868
204	 -0.00031324	 2.19246e-07	 4.46357e-05
205	 -0.000310494	 7.95035e-05	 0.000110572
206	 -0.000310731	 -7.91696e-05	 0.000106604
207	 -5.43793e-08	 -0.000319993	 0.000133609
208	 2.22041e-07	 -0.00031323	 4.45421e-05
209	 -7.91803e-05	 -0.000310743	 0.000106442
210	 7.95067e-05	 -0.00031052	 0.000110295
211	 0.000298201	 0.000115676	 0.000110634
212	 0.000308246	 4.17609e-05	 3.639e-05
213	 0.00031637	 4.05908e-05	 8.65161e-05
214	 0.000294888	 9.88701e-05	 3.62815e-05
215	 0.000115774	 0.000298152	 0.000110703
216	 4.17428e-05	 0.000308247	 3.64061e-05
217	 0.000152923	 0.000270792	 3.62011e-05
218	 4.05868e-05	 0.000316367	 8.66337e-05
219	 7.78808e-05	 0.000202031	 0.00034617
220	 5.23079e-06	 0.000155936	 0.000389983
221	 -3.88889e-05	 0.000213487	 0.000346192
223	 0.000202309	 7.73737e-05	 0.000346138
225	 0.000153592	 1.86183e-05	 0.000390693
226	 0.000214072	 -3.93638e-05	 0.000345664
227	 -0.000115575	 0.000298377	 0.000104483
228	 -4.10833e-05	 0.000307834	 3.42533e-05
229	 -4.06737e-05	 0.000316241	 8.44742e-05
230	 -9.84004e-05	 0.000294564	 3.416e-05
231	 -0.00029835	 0.000116157	 9.89425e-05
232	 -0.000307467	 4.15043e-05	 3.2265e-05
233	 -0.000270044	 0.000152625	 3.22355e-05
234	 -0.000315972	 4.07668e-05	 7.72633e-05
235	 -0.000235342	 6.47646e-05	 0.000320045
236	 -0.000199495	 5.2582e-06	 0.000363544
238	 -0.000181643	 6.04635e-05	 0.000369126
239	 -0.000102521	 0.00020261	 0.000336911
241	 -6.27295e-05	 0.000152522	 0.000385305
242	 -1.73648e-05	 0.000186552	 0.000370239
243	 -0.000298521	 -0.00011559	 9.30449e-05
244	 -0.000307089	 -4.05864e-05	 3.02591e-05
245	 -0.000315872	 -4.0282e-05	 7.52275e-05
246	 -0.000293835	 -9.80154e-05	 3.02265e-05
247	 -0.000115677	 -0.000298492	 9.2919e-05
248	 -4.06115e-05	 -0.000307078	 3.02139e-05
249	 -0.000152157	 -0.000269838	 3.0203e-05
250	 -4.02915e-05	 -0.00031587	 7.50915e-05
251	 -8.83616e-05	 -0.000235774	 0.000311858
252	 -4.73813e-05	 -0.000199531	 0.000359597
253	 1.48997e-05	 -0.000242316	 0.000322103
254	 -0.00010277	 -0.000181999	 0.000356622
255	 -0.000235167	 -8.85724e-05	 0.000312412
256	 -0.000198782	 -4.80211e-05	 0.000359994
257	 -0.000192364	 -7.66865e-05	 0.000358054
258	 -0.000222303	 -1.71176e-05	 0.000343219
259	 0.00011609	 -0.000298393	 9.86798e-05
260	 4.14798e-05	 -0.000307456	 3.21791e-05
261	 4.07636e-05	 -0.00031597	 7.70765e-05
262	 9.86592e-05	 -0.000294074	 3.21349e-05
263	 0.000298364	 -0.000115657	 0.000104126
264	 0.000307813	 -4.10531e-05	 3.41259e-05
265	 0.000270494	 -0.000152572	 3.39764e-05
266	 0.000316241	 -4.06645e-05	 8.42649e-05
267	 0.000203354	 -0.000102923	 0.000336157
269	 0.000187221	 -1.7915e-05	 0.000369792
270	 0.000139406	 -9.71732e-05	 0.000382644
271	 6.48047e-05	 -0.000235666	 0.000319794
272	 5.92254e-06	 -0.000200239	 0.000363049
273	 3.4436e-05	 -0.000193772	 0.000365497
274	 -1.60338e-05	 -0.00022288	 0.000342833
275	 5.99446e-05	 0.00029395	 0
276	 0.000166124	 0.000249806	 0
277	 9.90958e-05	 0.000294735	 3.59966e-05
278	 0.000255285	 0.00018902	 0.000148051
279	 0.000189026	 0.000255263	 0.000148131
280	 0.000224617	 0.000224631	 7.38562e-05
281	 0.000217415	 0.000217327	 0.000199009
282	 -0.000293936	 6.00119e-05	 0
283	 -0.000249793	 0.000166143	 0
284	 -0.000293951	 9.89284e-05	 3.19779e-05
285	 -0.000189753	 0.000256529	 0.000138166
286	 -0.000256545	 0.000190481	 0.000134624
287	 -0.00022419	 0.00022436	 6.77382e-05
288	 -0.000222031	 0.000218691	 0.000185615
289	 -5.95014e-05	 -0.00029404	 0
290	 -0.000166004	 -0.000249885	 0
291	 -9.82474e-05	 -0.00029368	 2.99428e-05
292	 -0.000257626	 -0.000190838	 0.000124865
293	 -0.000190857	 -0.000257623	 0.000124803
294	 -0.000223854	 -0.000223902	 6.17533e-05
295	 -0.000223128	 -0.000223169	 0.000171151
296	 0.000294042	 -5.94913e-05	 0
297	 0.000249884	 -0.000166006	 0
298	 0.000294395	 -9.86177e-05	 3.37641e-05
299	 0.000190519	 -0.000256598	 0.000134207
300	 0.000256584	 -0.000189794	 0.00013777
301	 0.000224385	 -0.00022415	 6.75237e-05
302	 0.000218803	 -0.000222145	 0.000185146
303	 3.54705e-06	 0.000119804	 0.000407079
304	 5.63815e-05	 9.78095e-05	 0.000409534
305	 2.67355e-06	 4.23784e-05	 0.000400489
306	 4.71924e-05	 0.000143476	 0.000392503
307	 0.000198377	 0.000130509	 0.000325009
308	 0.000130743	 0.000198099	 0.000325104
309	 0.000127178	 0.000126656	 0.000375309
310	 0.00018782	 0.000187608	 0.000289117
311	 -0.000172287	 3.61109e-06	 0.000382964
312	 -0.000150647	 5.62852e-05	 0.000389163
313	 -9.48361e-05	 2.21e-06	 0.000389159
314	 -0.000192865	 3.36099e-05	 0.000366181
315	 -0.000148002	 0.000200384	 0.000312649
316	 -0.0002182	 0.000132692	 0.000305432
317	 -0.000162284	 0.000127326	 0.000356753
318	 -0.000201372	 0.000189481	 0.000273394
319	 -5.48667e-05	 -0.00017298	 0.000377667
320	 -0.000107701	 -0.000150985	 0.000375212
321	 -5.39932e-05	 -9.55542e-05	 0.000384257
322	 -7.59215e-05	 -0.000192984	 0.000357873
323	 -0.000159632	 -0.000159028	 0.000341669
324	 -0.000201501	 -0.000200295	 0.000262308
325	 -0.000144462	 -0.000219906	 0.00029681
326	 -0.000219427	 -0.000144919	 0.000296988
327	 0.000120967	 -5.67869e-05	 0.000401783
328	 9.93271e-05	 -0.000109461	 0.000395584
329	 4.35164e-05	 -5.53858e-05	 0.000395587
330	 0.000153206	 -6.3569e-05	 0.000384831
331	 0.00013308	 -0.000218528	 0.000304923
332	 0.000200876	 -0.000148293	 0.00031206
333	 0.000128111	 -0.000162765	 0.000356142
334	 0.000189789	 -0.000201626	 0.000272851
335	 0.000237094	 -5.75784e-05	 0.000318295
336	 0.000235989	 4.18715e-05	 0.00032278
337	 0.00028182	 -4.55909e-06	 0.000262519
338	 0.000213845	 1.31569e-05	 0.000348507
339	 0.000276149	 0.000137368	 0.000195546
340	 0.000249071	 0.000109078	 0.000279283
341	 0.000294463	 6.23699e-05	 0.0002193
342	 0.000237975	 0.000167152	 0.000243907
343	 0.000276955	 -0.000142014	 0.000186489
344	 0.000250302	 -0.000121114	 0.000270078
345	 0.000295302	 -6.74095e-05	 0.00021461
346	 0.000239396	 -0.000175677	 0.000231534
347	 -5.72972e-05	 0.000236638	 0.000318802
348	 4.21524e-05	 0.000235598	 0.000323102
349	 -4.42581e-06	 0.000281569	 0.000262902
350	 1.3629e-05	 0.000213335	 0.000348874
351	 0.000137452	 0.000276053	 0.000195672
352	 0.000109277	 0.000248845	 0.000279448
353	 6.24373e-05	 0.000294333	 0.000219536
354	 0.000167305	 0.000237816	 0.000243978
355	 -0.000141926	 0.000276807	 0.000187012
356	 -0.000120917	 0.000249937	 0.000270682
357	 -6.73377e-05	 0.000295112	 0.000215068
358	 -0.000175513	 0.000239166	 0.000232083
359	 -0.000250367	 -4.82277e-05	 0.000307456
360	 -0.000257242	 4.27511e-05	 0.000298935
361	 -0.00029425	 -3.98063e-06	 0.000240122
362	 -0.00024182	 1.38586e-05	 0.000322639
363	 -0.000281663	 0.000138349	 0.000177004
364	 -0.00026384	 0.000110025	 0.000257075
365	 -0.000302075	 6.33044e-05	 0.000199132
366	 -0.000247445	 0.000168458	 0.000226125
367	 -0.000282184	 -0.000142204	 0.000168546
368	 -0.000264586	 -0.000121123	 0.000248164
369	 -0.000302768	 -6.72857e-05	 0.0001947
370	 -0.000248491	 -0.000176086	 0.000214128
371	 4.28495e-05	 -0.000257762	 0.000298318
373	 -3.81909e-06	 -0.000294475	 0.000239731
374	 -4.76622e-05	 -0.000250768	 0.000307165
375	 -0.000142144	 -0.000282273	 0.000168344
376	 -0.000120912	 -0.000264862	 0.000247875
377	 -6.71993e-05	 -0.000302902	 0.0001944
378	 -0.000175975	 -0.000248627	 0.000214024
379	 0.000138435	 -0.000281769	 0.00017659
380	 0.000110242	 -0.000264078	 0.00025662
381	 6.34055e-05	 -0.000302216	 0.000198742
382	 0.000168628	 -0.000247628	 0.000225643
383	 0.000228646	 0.000193712	 0.000222493
384	 0.000266489	 0.000165296	 0.000173647
385	 0.000237703	 0.00020443	 0.000173935
386	 0.000258493	 0.000153188	 0.000220399
387	 0.000308975	 3.82736e-05	 0.000184625
388	 0.000295255	 0.00011245	 0.000160792
389	 0.00031653	 3.88016e-05	 0.0001365
390	 0.000287867	 0.000101036	 0.000207029
391	 0.000237765	 0.000200753	 3.70336e-05
392	 0.000271801	 0.000168557	 0.000111267
393	 0.000270992	 0.000152685	 3.64289e-05
394	 0.000243291	 0.000207582	 0.000110895
395	 0.000193839	 0.000228523	 0.000222515
396	 0.000165353	 0.000266427	 0.000173716
397	 0.000153307	 0.000258366	 0.000220497
398	 0.000204483	 0.000237645	 0.000173966
399	 0.000200686	 0.000237886	 3.72424e-05
400	 0.000168558	 0.000271793	 0.000111389
401	 0.000135719	 0.00028708	 7.27225e-05
402	 0.000207588	 0.000243284	 0.000110872
403	 3.82706e-05	 0.000308885	 0.000184891
404	 0.000112457	 0.00029521	 0.000160944
405	 3.88019e-05	 0.000316494	 0.0001367
406	 0.000101112	 0.000287759	 0.000207209
407	 0.000178389	 0.000214205	 0.000267533
408	 0.000121698	 0.000225005	 0.000302744
409	 0.000160224	 0.000193945	 0.000308219
410	 0.000139101	 0.000244772	 0.000262546
411	 2.37058e-05	 0.00029526	 0.000231846
412	 6.98864e-05	 0.000254451	 0.00029166
413	 1.9819e-05	 0.000260821	 0.000295141
414	 8.64478e-05	 0.000273631	 0.000252175
415	 8.55815e-05	 0.000122403	 0.000393313
417	 6.26554e-05	 0.000173278	 0.000372111
418	 0.000129108	 0.000164984	 0.000352339
419	 0.000214402	 0.000178207	 0.00026748
420	 0.000225273	 0.000121477	 0.000302601
421	 0.000244965	 0.000138925	 0.000262426
422	 0.000194187	 0.000160015	 0.000308161
425	 0.000130862	 7.27243e-05	 0.000393167
426	 0.000165326	 0.000128761	 0.000352302
427	 0.000295418	 2.36392e-05	 0.00023156
428	 0.000254697	 6.96921e-05	 0.000291441
429	 0.00026113	 1.96222e-05	 0.000294794
430	 0.000273808	 8.63089e-05	 0.000251972
431	 -0.000199904	 0.000230285	 0.000209431
432	 -0.000167822	 0.000267575	 0.000163812
433	 -0.000207111	 0.000238955	 0.000162175
434	 -0.000159641	 0.000259403	 0.000210103
435	 -3.95096e-05	 0.000309291	 0.000183012
436	 -0.000113229	 0.00029616	 0.000155067
437	 -3.95753e-05	 0.000316642	 0.000134687
438	 -0.000105703	 0.000288571	 0.000200751
439	 -0.000200649	 0.000237334	 3.48216e-05
440	 -0.00016878	 0.000271952	 0.000105135
441	 -0.000152362	 0.000270694	 3.43002e-05
442	 -0.000207706	 0.000243538	 0.000102856
443	 -0.000235198	 0.000195203	 0.000207675
444	 -0.000269672	 0.000166604	 0.000158532
445	 -0.000265986	 0.000154285	 0.000202096
446	 -0.000240612	 0.000205767	 0.000160413
447	 -0.000237057	 0.000200368	 3.31472e-05
448	 -0.000271848	 0.000169031	 9.96819e-05
449	 -0.000286354	 0.000135576	 6.46432e-05
450	 -0.00024325	 0.000208059	 0.000100931
451	 -0.000313557	 3.91838e-05	 0.000166733
452	 -0.000297841	 0.000113761	 0.000144623
453	 -0.000317988	 3.94567e-05	 0.0001226
454	 -0.000294378	 0.000101895	 0.000187717
455	 -0.000226036	 0.00017998	 0.000250147
456	 -0.000242785	 0.000123064	 0.000281155
457	 -0.000210953	 0.000161993	 0.000290364
458	 -0.00025698	 0.000139427	 0.000243191
459	 -0.00030429	 2.44367e-05	 0.000210672
460	 -0.000270824	 7.09231e-05	 0.000268492
461	 -0.000277913	 2.03202e-05	 0.000271207
462	 -0.000285012	 8.72443e-05	 0.000230225
463	 -0.000166189	 8.51043e-05	 0.000372229
464	 -0.000228109	 9.93735e-05	 0.000314062
465	 -0.000208842	 6.26319e-05	 0.000347133
466	 -0.000192509	 0.000130057	 0.000332433
467	 -0.000188631	 0.000215899	 0.000254325
468	 -0.000135208	 0.000226696	 0.00029258
469	 -0.000149027	 0.000245957	 0.000252155
470	 -0.000175657	 0.000196017	 0.000294034
471	 -0.000128976	 0.000122747	 0.000377681
473	 -9.64788e-05	 0.000138539	 0.000383224
474	 -0.000155565	 0.00016625	 0.000336757
475	 -2.90899e-05	 0.00029593	 0.000229263
476	 -8.19437e-05	 0.000256053	 0.000284877
477	 -3.20265e-05	 0.000261428	 0.000292779
478	 -9.49564e-05	 0.000274691	 0.000245328
479	 -0.000236373	 -0.000201313	 0.000194098
480	 -0.0002706	 -0.000168629	 0.000148695
481	 -0.000241665	 -0.000208108	 0.000148201
482	 -0.000266738	 -0.000160011	 0.000191754
483	 -0.000313997	 -3.94063e-05	 0.000164881
484	 -0.000298772	 -0.00011386	 0.000138932
485	 -0.000318161	 -3.9398e-05	 0.000120657
486	 -0.000295051	 -0.000105757	 0.000181342
487	 -0.000236578	 -0.000200266	 3.08561e-05
488	 -0.000272018	 -0.000168885	 9.37212e-05
489	 -0.000270014	 -0.000151946	 3.03964e-05
490	 -0.000243428	 -0.00020797	 9.30779e-05
491	 -0.000201247	 -0.000236449	 0.000194061
492	 -0.000168619	 -0.000270634	 0.000148579
493	 -0.000159926	 -0.000266851	 0.000191603
494	 -0.000208103	 -0.000241678	 0.00014817
495	 -0.000200152	 -0.000236733	 3.10196e-05
496	 -0.000168887	 -0.000272019	 9.36366e-05
497	 -0.000135057	 -0.000286111	 6.05157e-05
498	 -0.00020797	 -0.000243426	 9.30137e-05
499	 -3.93858e-05	 -0.000314079	 0.000164592
500	 -0.000113875	 -0.000298803	 0.000138722
501	 -3.93897e-05	 -0.000318191	 0.000120442
502	 -0.000105684	 -0.000295161	 0.00018109
503	 -0.00018952	 -0.000227566	 0.000236668
504	 -0.000135655	 -0.000244419	 0.000270607
505	 -0.000173993	 -0.000211364	 0.000280534
506	 -0.000149234	 -0.000258162	 0.000231569
507	 -2.8615e-05	 -0.00030503	 0.000207761
508	 -8.21063e-05	 -0.00027242	 0.000261199
509	 -3.16475e-05	 -0.000278695	 0.000268427
510	 -9.48234e-05	 -0.000286048	 0.000223056
511	 -0.000127405	 -0.000166686	 0.000356011
512	 -0.000115406	 -0.000224877	 0.000310735
513	 -9.57415e-05	 -0.000209248	 0.000336673
514	 -0.000153522	 -0.000190851	 0.000320472
515	 -0.000227415	 -0.000189656	 0.000236719
516	 -0.000244114	 -0.000135878	 0.00027084
517	 -0.000257955	 -0.000149396	 0.000231764
518	 -0.000211664	 -0.000173568	 0.000280575
519	 -0.00016566	 -0.00012835	 0.000356195
520	 -0.00022424	 -0.000115983	 0.000311066
521	 -0.000181254	 -0.000103697	 0.000356737
522	 -0.000191125	 -0.0001531	 0.000320511
523	 -0.000304873	 -2.87213e-05	 0.000208098
524	 -0.000272135	 -8.23203e-05	 0.000261522
525	 -0.000278404	 -3.19118e-05	 0.000268788
526	 -0.000285848	 -9.49785e-05	 0.000223352
527	 0.000195346	 -0.000235349	 0.000207193
528	 0.000166659	 -0.000269759	 0.000158123
529	 0.000205833	 -0.000240702	 0.000159968
530	 0.000154412	 -0.000266129	 0.000201643
531	 3.92188e-05	 -0.00031365	 0.000166394
532	 0.000113784	 -0.00029791	 0.000144271
533	 3.94746e-05	 -0.000318023	 0.000122332
534	 0.000101985	 -0.000294502	 0.000187317
535	 0.000200456	 -0.000236898	 3.28564e-05
536	 0.000169043	 -0.000271858	 9.93753e-05
537	 0.000152391	 -0.000270215	 3.23322e-05
538	 0.000208079	 -0.000243258	 0.000100677
539	 0.000230455	 -0.000200043	 0.000208917
540	 0.000267665	 -0.0001679	 0.000163348
541	 0.000259593	 -0.000159765	 0.000209563
542	 0.000239033	 -0.000207193	 0.000161733
543	 0.000237447	 -0.000200558	 3.48889e-05
544	 0.000271972	 -0.000168787	 0.000104829
545	 0.000286793	 -0.000135399	 6.81904e-05
546	 0.000243551	 -0.000207716	 0.000102486
547	 0.000309405	 -3.95181e-05	 0.000182664
548	 0.000296246	 -0.000113262	 0.000154653
549	 0.000316688	 -3.958e-05	 0.000134402
550	 0.000288742	 -0.000105781	 0.000200261
551	 0.000216174	 -0.00018884	 0.000253771
552	 0.000227122	 -0.000135453	 0.00029198
553	 0.000196419	 -0.000175922	 0.000293472
554	 0.000246256	 -0.000149207	 0.000251574
555	 0.000296137	 -2.91542e-05	 0.000228836
556	 0.000256447	 -8.21439e-05	 0.000284305
557	 0.000261785	 -3.22259e-05	 0.000292316
558	 0.000274969	 -9.50932e-05	 0.000244781
559	 0.000123819	 -0.000129536	 0.00037703
561	 0.000174223	 -9.74509e-05	 0.000361584
562	 0.000166907	 -0.00015592	 0.000336142
563	 0.0001802	 -0.000226262	 0.000249639
564	 0.000123332	 -0.000243078	 0.000280675
565	 0.000139621	 -0.000257194	 0.000242719
566	 0.000162346	 -0.00021124	 0.000289835
567	 8.61e-05	 -0.000166661	 0.000371723
568	 9.96092e-05	 -0.00022845	 0.00031369
569	 6.15375e-05	 -0.000182349	 0.000368489
570	 0.000130672	 -0.00019287	 0.000331877
571	 2.45482e-05	 -0.000304453	 0.000210293
572	 7.11584e-05	 -0.000271104	 0.000268033
573	 2.05809e-05	 -0.000278193	 0.000270801
574	 8.74123e-05	 -0.000285203	 0.000229793
575	 0.0002868	 8.801e-05	 0
576	 0.000298471	 3.02521e-05	 0
577	 0.000302824	 7.0608e-05	 3.59877e-05
578	 -8.76367e-05	 0.000286914	 0
579	 -2.96954e-05	 0.000298527	 0
580	 -7.00293e-05	 0.000302464	 3.38517e-05
581	 -0.000286939	 -8.75551e-05	 0
582	 -0.000298536	 -2.96005e-05	 0
583	 -0.000301792	 -6.97489e-05	 3.02272e-05
584	 8.80286e-05	 -0.000286794	 0
585	 3.02896e-05	 -0.000298467	 0
586	 7.05078e-05	 -0.000302077	 3.21115e-05
587	 0.000317878	 -2.05653e-07	 7.49322e-05
588	 0.000308102	 1.22794e-07	 2.50033e-05
589	 0.000313288	 4.13112e-05	 6.12984e-05
590	 0.000313007	 -4.1003e-05	 5.90283e-05
591	 -2.10521e-07	 0.00031788	 7.50723e-05
592	 1.14343e-07	 0.000308111	 2.50529e-05
593	 4.13079e-05	 0.00031329	 6.13636e-05
594	 -4.10147e-05	 0.000313021	 5.91988e-05
595	 -0.000317304	 1.39124e-07	 6.70112e-05
596	 -0.000307481	 3.01941e-07	 2.2273e-05
597	 -0.000312507	 4.12755e-05	 5.46063e-05
598	 -0.000312268	 -4.05647e-05	 5.2577e-05
599	 1.47803e-07	 -0.000317299	 6.68732e-05
600	 3.00359e-07	 -0.000307472	 2.22253e-05
601	 -4.05886e-05	 -0.000312258	 5.24861e-05
602	 4.12542e-05	 -0.000312497	 5.44702e-05
603	 0.000308869	 6.14012e-05	 5.48771e-05
604	 0.000305325	 2.13736e-05	 1.80587e-05
605	 0.000311888	 2.09408e-05	 4.30589e-05
606	 0.000301769	 5.10071e-05	 1.8003e-05
607	 6.13563e-05	 0.000308876	 5.49115e-05
608	 2.13826e-05	 0.000305321	 1.80586e-05
609	 7.98154e-05	 0.000295354	 1.76896e-05
610	 2.09348e-05	 0.000311893	 4.31135e-05
611	 2.04644e-05	 0.000170601	 0.000380538
612	 -1.03e-05	 0.000140027	 0.000398112
613	 -4.01411e-05	 0.0001702	 0.000378905
614	 1.81488e-05	 0.000134143	 0.000400355
615	 0.000169541	 2.6771e-05	 0.000380679
617	 0.000133263	 2.45019e-05	 0.0004003
618	 0.000170829	 -4.08048e-05	 0.000378488
619	 -6.07611e-05	 0.000308449	 5.16792e-05
620	 -2.07174e-05	 0.000305048	 1.69963e-05
621	 -2.06493e-05	 0.000311692	 4.20362e-05
622	 -5.04293e-05	 0.000301554	 1.69466e-05
623	 -0.000308061	 6.11174e-05	 4.87478e-05
624	 -0.000304804	 2.12502e-05	 1.59775e-05
625	 -0.000294855	 7.97198e-05	 1.57045e-05
626	 -0.000311068	 2.09585e-05	 3.83103e-05
627	 -0.000210009	 2.05404e-05	 0.000353852
628	 -0.000187852	 -1.02266e-05	 0.000372345
629	 -0.000199618	 -2.16546e-05	 0.000362792
630	 -0.000182304	 1.81953e-05	 0.000375531
631	 -6.61364e-05	 0.000168537	 0.000374977
632	 -4.45698e-05	 0.000138107	 0.000396027
633	 -7.32987e-05	 0.000132461	 0.000393047
634	 -2.88784e-05	 0.000155056	 0.000389202
635	 -0.000307666	 -6.02154e-05	 4.57287e-05
636	 -0.000304556	 -2.03685e-05	 1.49867e-05
637	 -0.000310888	 -2.02781e-05	 3.73015e-05
638	 -0.000301085	 -5.01337e-05	 1.49526e-05
639	 -6.01726e-05	 -0.000307678	 4.57045e-05
640	 -2.03933e-05	 -0.000304548	 1.49577e-05
641	 -6.97568e-05	 -0.000301777	 3.01665e-05
642	 -2.02888e-05	 -0.000310879	 3.72321e-05
643	 6.11034e-05	 -0.000308048	 4.86135e-05
644	 2.12178e-05	 -0.000304798	 1.59388e-05
645	 2.09474e-05	 -0.000311056	 3.8219e-05
646	 5.08807e-05	 -0.00030125	 1.59005e-05
647	 0.000308436	 -6.07071e-05	 5.14978e-05
648	 0.00030503	 -2.07145e-05	 1.69249e-05
649	 0.000295171	 -7.93187e-05	 1.65896e-05
650	 0.000311676	 -2.06368e-05	 4.1923e-05
651	 0.000169206	 -6.68821e-05	 0.000374456
654	 0.000133317	 -7.41048e-05	 0.00039254
655	 2.11638e-05	 -0.000210713	 0.0003533
656	 -9.5136e-06	 -0.000188662	 0.000371891
657	 1.90909e-05	 -0.000183097	 0.000375031
658	 -2.07161e-05	 -0.000200353	 0.000362379
659	 0.000141464	 0.000264552	 0
660	 0.000190024	 0.000232144	 0
661	 0.000177527	 0.000255374	 3.63808e-05
662	 0.000207466	 0.000240521	 0.000148005
663	 0.000169274	 0.000268737	 0.000148349
664	 0.000188604	 0.000258274	 0.000111119
665	 0.000185378	 0.000252954	 0.000173471
666	 -0.000264548	 0.000141472	 0
667	 -0.000232134	 0.000190037	 0
668	 -0.000254582	 0.000177222	 3.23495e-05
669	 -0.000241638	 0.000208906	 0.000135375
670	 -0.000270202	 0.000170712	 0.000133991
671	 -0.000258281	 0.000189085	 0.000100284
672	 -0.000256	 0.000186698	 0.000159102
673	 -0.00014139	 -0.000264592	 0
674	 -0.000189995	 -0.000232168	 0
675	 -0.00017688	 -0.000254333	 3.02737e-05
676	 -0.000209423	 -0.000242776	 0.000124644
677	 -0.000170983	 -0.000271188	 0.000125107
678	 -0.000189251	 -0.000258246	 9.32252e-05
679	 -0.00018884	 -0.000256994	 0.000148223
680	 0.000264657	 -0.000141268	 0
681	 0.000232169	 -0.000189993	 0
682	 0.000255015	 -0.000177291	 3.40906e-05
683	 0.000241933	 -0.000208329	 0.00013674
684	 0.000269945	 -0.000169984	 0.000138919
685	 0.000258496	 -0.00018878	 0.000103642
686	 0.000254263	 -0.000187983	 0.000162171
687	 0.000148934	 0.000182441	 0.000327098
688	 0.000111694	 0.000212892	 0.000321696
689	 0.000104009	 0.000184376	 0.000350446
690	 0.000141071	 0.000210115	 0.00030629
691	 -0.000202121	 0.000151078	 0.000309158
692	 -0.000233249	 0.000113316	 0.000300323
693	 -0.00020851	 0.000111441	 0.000328243
694	 -0.000227603	 0.000142765	 0.000286485
695	 -0.000192928	 -0.000191469	 0.000283694
696	 -0.000208765	 -0.000208082	 0.000239943
697	 -0.000182942	 -0.000219607	 0.000258995
698	 -0.000220041	 -0.000182376	 0.000259029
699	 0.000185359	 -0.000167333	 0.000312197
700	 0.000215436	 -0.000128216	 0.000310602
701	 0.000182761	 -0.000136885	 0.000336012
702	 0.000212451	 -0.000155906	 0.000293508
703	 0.000238282	 1.69054e-05	 0.000323765
704	 0.000232266	 6.67816e-05	 0.000320403
705	 0.000258716	 4.48218e-05	 0.000293676
706	 0.000209141	 4.55294e-05	 0.000348553
707	 0.000257917	 0.000116991	 0.000259488
708	 0.000238816	 0.000100599	 0.00029832
709	 0.00026496	 7.82037e-05	 0.000272142
710	 0.000235803	 0.000130123	 0.00028331
711	 0.000258934	 -0.000127235	 0.000250205
712	 0.000240333	 -0.000114408	 0.00028926
713	 0.000266376	 -8.88308e-05	 0.000264945
714	 0.000237324	 -0.000142329	 0.000272542
715	 1.71878e-05	 0.000237873	 0.000324133
716	 6.70402e-05	 0.000231908	 0.000320668
717	 4.50184e-05	 0.000258437	 0.000293959
718	 4.60129e-05	 0.000208746	 0.000348755
719	 0.000117168	 0.000257728	 0.000259634
720	 0.000100817	 0.000238546	 0.000298507
721	 7.83683e-05	 0.000264749	 0.000272355
722	 0.000130323	 0.000235573	 0.000283442
723	 -0.000127066	 0.000258625	 0.000250806
724	 -0.000114181	 0.000239915	 0.000289857
725	 -8.86652e-05	 0.000266042	 0.000265506
726	 -0.000142115	 0.000236961	 0.00027314
727	 -0.000259788	 1.75864e-05	 0.000299666
728	 -0.000253049	 6.78955e-05	 0.00029699
729	 -0.000275235	 4.57931e-05	 0.000270354
730	 -0.00023938	 3.93272e-05	 0.000321999
731	 -0.000270203	 0.000117836	 0.000237902
732	 -0.000256171	 0.000101722	 0.000275717
733	 -0.000278569	 7.92559e-05	 0.000249686
734	 -0.000250621	 0.000131475	 0.000262333
735	 -0.000270779	 -0.000127151	 0.000228989
736	 -0.00025718	 -0.000114607	 0.000266831
737	 -0.000279602	 -8.88289e-05	 0.00024273
738	 -0.000251642	 -0.000142645	 0.000251901
739	 -2.74534e-05	 -0.000256516	 0.000303393
740	 -7.78475e-05	 -0.000251154	 0.000296779
741	 -5.70642e-05	 -0.00027644	 0.000265305
742	 -5.82081e-05	 -0.000235705	 0.000322607
743	 -0.000126979	 -0.000271006	 0.000228714
744	 -0.000114357	 -0.000257506	 0.00026653
745	 -8.86459e-05	 -0.000279843	 0.000242421
746	 -0.000142453	 -0.000251897	 0.000251684
747	 0.000118014	 -0.000270403	 0.00023746
748	 0.000101985	 -0.000256452	 0.000275249
749	 7.94553e-05	 -0.000278804	 0.000249236
750	 0.000131708	 -0.000250869	 0.000261858
751	 0.000300489	 9.43347e-05	 0.000166795
752	 0.000288749	 0.000130386	 0.000154715
753	 0.000304565	 9.7537e-05	 0.000116949
754	 0.000282545	 0.000119441	 0.000201465
755	 0.000265282	 0.000177697	 9.26972e-05
756	 0.00027702	 0.000158692	 0.00012989
757	 0.000293428	 0.000125796	 9.16234e-05
758	 0.000249855	 0.000198748	 0.000129528
759	 0.000177707	 0.000265271	 9.27008e-05
760	 0.000158684	 0.000277005	 0.000130045
761	 0.000125953	 0.000293352	 9.16357e-05
762	 0.000179262	 0.000264168	 0.000129788
763	 9.43373e-05	 0.000300436	 0.000166977
764	 0.000130397	 0.000288711	 0.000154837
765	 9.75864e-05	 0.000304534	 0.000117053
766	 0.000119522	 0.000282443	 0.000201619
767	 5.86074e-05	 0.000266486	 0.000277841
768	 8.09568e-05	 0.000241199	 0.000304671
769	 5.61474e-05	 0.000245685	 0.000307854
770	 8.97797e-05	 0.000252191	 0.000285896
771	 8.38115e-05	 0.000182159	 0.000359869
772	 8.49971e-05	 0.000214901	 0.000331891
774	 0.000104787	 0.00020085	 0.000336507
775	 0.000182564	 8.3383e-05	 0.000359746
776	 0.000215197	 8.46331e-05	 0.000331783
778	 0.000182279	 0.000129935	 0.000339146
779	 0.000266704	 5.84445e-05	 0.00027761
780	 0.000241478	 8.0738e-05	 0.000304461
781	 0.000246003	 5.59145e-05	 0.000307578
782	 0.000252426	 8.95848e-05	 0.000285703
783	 -9.51815e-05	 0.000301297	 0.000162141
784	 -0.000131102	 0.000289715	 0.000147891
785	 -9.76137e-05	 0.000304776	 0.000111872
786	 -0.000124062	 0.000283249	 0.000194053
787	 -0.000177773	 0.000265147	 8.75016e-05
788	 -0.000159107	 0.000277545	 0.000122836
789	 -0.000125577	 0.000293327	 8.6397e-05
790	 -0.000199158	 0.000250556	 0.00012054
791	 -0.000264803	 0.000177845	 8.28199e-05
792	 -0.000277767	 0.00015958	 0.000116558
793	 -0.00029298	 0.000126044	 8.16619e-05
794	 -0.000264806	 0.000180191	 0.000117149
795	 -0.000280911	 5.96042e-05	 0.000254912
796	 -0.00025957	 8.2038e-05	 0.000281474
797	 -0.000264662	 5.69517e-05	 0.000284078
798	 -0.000267902	 9.06584e-05	 0.000263065
799	 -0.000113518	 0.000182873	 0.000348306
800	 -0.000104857	 0.000215988	 0.000322996
801	 -8.61062e-05	 0.000193796	 0.000350937
802	 -0.000136565	 0.000182155	 0.000336587
803	 -6.90672e-05	 0.00026792	 0.000272014
804	 -9.45286e-05	 0.000242914	 0.000297006
805	 -4.47461e-05	 0.00024961	 0.000306254
806	 -0.000101632	 0.000253555	 0.000278117
807	 -0.000304436	 -9.56668e-05	 0.000145441
808	 -0.000291791	 -0.000131863	 0.000132357
809	 -0.000305237	 -9.75731e-05	 9.9776e-05
810	 -0.0002892	 -0.000124225	 0.000175067
811	 -9.56735e-05	 -0.000304481	 0.000145209
812	 -0.000131884	 -0.000291809	 0.000132174
813	 -9.76207e-05	 -0.000305231	 9.96308e-05
814	 -0.000124158	 -0.0002893	 0.00017484
815	 -6.91054e-05	 -0.000282353	 0.000248625
816	 -9.48486e-05	 -0.000261262	 0.000273244
817	 -6.51898e-05	 -0.000262782	 0.000284995
818	 -0.000101706	 -0.00026923	 0.000254812
819	 -0.000282102	 -6.92845e-05	 0.000248961
820	 -0.00026094	 -9.50869e-05	 0.000273558
821	 -0.000265199	 -4.02654e-05	 0.000288644
822	 -0.000268949	 -0.000101915	 0.000255121
823	 0.00017785	 -0.00026481	 8.26512e-05
824	 0.000159603	 -0.000277797	 0.000116186
825	 0.000125907	 -0.000293044	 8.14701e-05
826	 0.000199703	 -0.0002504	 0.000117464
827	 0.00026514	 -0.000177777	 8.71491e-05
828	 0.000277585	 -0.000159122	 0.000122502
829	 0.000293263	 -0.000125714	 8.60643e-05
830	 0.000264834	 -0.000179688	 0.000121299
831	 0.000301392	 -9.52081e-05	 0.000161742
832	 0.000289789	 -0.000131141	 0.000147464
833	 0.000304789	 -9.76568e-05	 0.000111538
834	 0.00028341	 -0.000124145	 0.000193547
835	 0.000268268	 -6.92334e-05	 0.000271465
836	 0.000243349	 -9.47627e-05	 0.000296422
837	 0.000250013	 -4.4981e-05	 0.000305773
838	 0.000253937	 -0.000101829	 0.000277527
839	 0.000183631	 -0.000113899	 0.000347646
840	 0.000216592	 -0.000105187	 0.000322317
841	 0.000194494	 -8.66326e-05	 0.000350283
842	 0.000202778	 -0.000126035	 0.000324782
843	 5.97975e-05	 -0.00028116	 0.000254477
844	 8.23002e-05	 -0.00025988	 0.000281001
845	 3.17721e-05	 -0.000268515	 0.000284923
846	 9.08819e-05	 -0.000268161	 0.000262608
847	 0.000232046	 0.000190144	 0
848	 0.000264571	 0.00014143	 0
849	 0.000255427	 0.000177453	 3.63819e-05
850	 0.000298448	 0.000108535	 7.28626e-05
851	 0.000273523	 0.000161399	 7.31982e-05
852	 0.000284143	 0.000126317	 3.60744e-05
853	 0.00028048	 0.000152512	 9.1945e-05
854	 -0.000190099	 0.000232083	 0
855	 -0.000141222	 0.000264682	 0
856	 -0.000177243	 0.000255073	 3.42097e-05
857	 -0.00010812	 0.000298156	 6.85901e-05
858	 -0.000161232	 0.000273228	 6.8935e-05
859	 -0.000125918	 0.000283839	 3.39498e-05
860	 -0.000152431	 0.000280377	 8.67162e-05
861	 -0.000232103	 -0.000190074	 0
862	 -0.00026472	 -0.00014115	 0
863	 -0.00025436	 -0.000176841	 3.02783e-05
864	 -0.000297508	 -0.00010767	 6.07372e-05
865	 -0.000272543	 -0.000160874	 6.11153e-05
866	 -0.0002831	 -0.000125496	 2.98748e-05
867	 -0.0002864	 -0.000143022	 9.30262e-05
868	 0.000190132	 -0.000232056	 0
869	 0.000141403	 -0.000264585	 0
870	 0.000177156	 -0.000254607	 3.22444e-05
871	 0.000108394	 -0.000297733	 6.4569e-05
872	 0.000161275	 -0.000272749	 6.49732e-05
873	 0.000126039	 -0.000283314	 3.17987e-05
874	 0.000152616	 -0.000280065	 8.18359e-05
875	 0.000313976	 -7.34371e-07	 0.00017264
876	 0.00031967	 -4.94756e-07	 0.000124287
877	 0.000313953	 -3.96671e-05	 0.000158686
878	 0.000313655	 3.86442e-05	 0.000160726
879	 0.000309484	 7.98788e-05	 9.85393e-05
880	 0.000308053	 7.77312e-05	 0.000148127
881	 0.000317417	 3.97984e-05	 0.000111511
882	 0.000303493	 9.60685e-05	 0.000142153
883	 0.000309462	 -7.96992e-05	 9.41305e-05
884	 0.000308575	 -7.83476e-05	 0.000143953
885	 0.000317436	 -4.02353e-05	 0.000109329
886	 0.000304071	 -9.65739e-05	 0.000136889
887	 -7.38201e-07	 0.000313891	 0.000172925
888	 -4.99569e-07	 0.00031964	 0.000124506
889	 -3.96605e-05	 0.000313875	 0.000159004
890	 3.86426e-05	 0.000313594	 0.00016096
891	 7.98295e-05	 0.000309488	 9.86405e-05
892	 7.7746e-05	 0.00030801	 0.000148302
893	 3.97951e-05	 0.000317401	 0.000111671
894	 9.60738e-05	 0.00030346	 0.000142297
895	 -7.97442e-05	 0.000309444	 9.43971e-05
896	 -7.83235e-05	 0.000308513	 0.000144302
897	 -4.02396e-05	 0.000317416	 0.000109576
898	 -9.65566e-05	 0.000304014	 0.000137255
899	 -0.000317721	 -1.49571e-07	 0.000155947
900	 -0.000320621	 -1.4213e-08	 0.000111688
901	 -0.000316833	 -3.9519e-05	 0.00014284
902	 -0.000316524	 3.9432e-05	 0.000144742
903	 -0.000309375	 8.00244e-05	 8.80257e-05
904	 -0.000310072	 7.85073e-05	 0.000133104
905	 -0.000317778	 4.01804e-05	 9.98911e-05
906	 -0.00030501	 9.72671e-05	 0.000127312
907	 -0.000309342	 -7.94616e-05	 8.40322e-05
908	 -0.000310566	 -7.84292e-05	 0.00012924
909	 -0.000317817	 -3.99157e-05	 9.7893e-05
910	 -0.000305638	 -9.67859e-05	 0.000122758
911	 -1.12768e-07	 -0.000317795	 0.000155653
912	 6.97018e-09	 -0.000320645	 0.000111467
913	 3.94585e-05	 -0.000316586	 0.000144437
914	 -3.95049e-05	 -0.000316886	 0.000142587
915	 -7.94525e-05	 -0.000309348	 8.39134e-05
916	 -7.84418e-05	 -0.000310596	 0.000129033
917	 -3.99135e-05	 -0.000317828	 9.77194e-05
918	 -9.67992e-05	 -0.000305658	 0.000122571
919	 8.00435e-05	 -0.000309375	 8.77831e-05
920	 7.85159e-05	 -0.000310125	 0.000132793
921	 4.01891e-05	 -0.000317791	 9.96612e-05
922	 9.72471e-05	 -0.000305066	 0.000127003
923	 0.000290592	 0.000132302	 0.000129531
924	 0.000303744	 9.84292e-05	 9.20596e-05
925	 0.000286234	 0.000142693	 0.000110894
926	 0.00029766	 0.000114384	 0.000135781
927	 0.000318765	 2.02839e-05	 9.30825e-05
928	 0.000312557	 6.05916e-05	 8.00141e-05
929	 0.000316352	 2.03912e-05	 6.80936e-05
930	 0.000314152	 5.99858e-05	 0.000104946
931	 0.000286605	 0.000107339	 1.80184e-05
932	 0.000301787	 8.98683e-05	 5.47893e-05
933	 0.000295449	 7.96717e-05	 1.78593e-05
934	 0.000291995	 0.000117608	 5.43153e-05
935	 0.000132394	 0.000290534	 0.000129611
936	 9.84552e-05	 0.000303729	 9.2134e-05
937	 0.000114438	 0.000297616	 0.000135895
938	 0.000142733	 0.000286204	 0.000110991
939	 0.000134696	 0.000274764	 1.78881e-05
940	 0.00017008	 0.000264992	 5.49048e-05
941	 0.000117791	 0.000291895	 5.4202e-05
942	 0.000159899	 0.000260907	 1.79093e-05
943	 2.02979e-05	 0.000318757	 9.3228e-05
944	 6.05379e-05	 0.000312567	 8.01077e-05
945	 2.03873e-05	 0.000316356	 6.82003e-05
946	 5.9983e-05	 0.00031414	 0.00010507
948	 5.68779e-05	 0.000193652	 0.000358878
950	 6.01448e-05	 0.000219568	 0.00033549
951	 -5.41729e-05	 0.000199233	 0.000355553
952	 -2.3415e-05	 0.000226664	 0.000335606
953	 -1.83904e-06	 0.000200465	 0.000360197
954	 -8.01877e-05	 0.000220547	 0.000328823
955	 3.91627e-05	 0.000127663	 0.000401109
956	 6.84974e-05	 0.00015285	 0.000383068
957	 4.13867e-05	 0.000164266	 0.000381976
958	 5.8577e-05	 0.000117314	 0.000402129
960	 0.000194232	 5.62187e-05	 0.000358618
961	 0.000219904	 5.97518e-05	 0.000335315
966	 0.00015877	 5.40074e-05	 0.000383015
967	 0.000199862	 -5.47393e-05	 0.000355003
968	 0.00022718	 -2.37846e-05	 0.000335124
969	 0.000201047	 -2.34696e-06	 0.000359792
970	 0.000221141	 -8.05324e-05	 0.000328188
971	 -0.000132531	 0.000291141	 0.000122457
972	 -9.8084e-05	 0.000303631	 8.68592e-05
973	 -0.00014274	 0.000286419	 0.00010474
974	 -0.000114739	 0.000298212	 0.000129808
975	 -2.06763e-05	 0.000318703	 9.21493e-05
976	 -6.03672e-05	 0.000312344	 7.68678e-05
977	 -2.04719e-05	 0.000316226	 6.71201e-05
978	 -6.0133e-05	 0.000314141	 0.000101909
979	 -0.000106946	 0.000286444	 1.69563e-05
980	 -8.93505e-05	 0.000301413	 5.16065e-05
981	 -7.91842e-05	 0.000295273	 1.68093e-05
982	 -0.000117193	 0.000291639	 5.11199e-05
983	 -0.000291407	 0.000133163	 0.000116069
984	 -0.000303426	 9.85242e-05	 8.21364e-05
985	 -0.000305009	 9.80619e-05	 0.000104743
986	 -0.000286333	 0.000143164	 9.92093e-05
987	 -0.000274293	 0.000134499	 1.59158e-05
988	 -0.000264132	 0.000169815	 4.8921e-05
989	 -0.00029105	 0.000117579	 4.81624e-05
990	 -0.000260422	 0.000159709	 1.59423e-05
991	 -0.000318554	 2.06159e-05	 8.32676e-05
992	 -0.000312023	 6.0572e-05	 7.13461e-05
993	 -0.000315647	 2.05879e-05	 6.07741e-05
994	 -0.000314254	 6.02763e-05	 9.38746e-05
995	 -0.000241764	 7.89696e-05	 0.000307282
996	 -0.000227913	 5.03186e-05	 0.000332063
997	 -0.00021674	 7.72265e-05	 0.000335261
998	 -0.000246705	 5.38419e-05	 0.000309847
999	 -0.000235279	 -5.8806e-05	 0.00032284
1000	 -0.000256121	 -2.8002e-05	 0.000303746
1001	 -0.000242523	 -1.24347e-05	 0.000322131
1005	 -7.10489e-05	 0.000209112	 0.000342767
1010	 -9.37697e-05	 0.00015813	 0.000373272
1011	 8.93726e-06	 0.000185957	 0.000370954
1012	 -4.34342e-05	 0.000185868	 0.000367815
1013	 -6.13143e-06	 0.000171626	 0.000380716
1014	 -2.81645e-05	 0.000200452	 0.000358754
1015	 -0.000291909	 -0.00013291	 0.000109249
1016	 -0.000303324	 -9.77531e-05	 7.71241e-05
1017	 -0.000292922	 -0.00012548	 7.67747e-05
1018	 -0.000299422	 -0.000114993	 0.000115956
1019	 -0.000318518	 -2.02929e-05	 8.22472e-05
1020	 -0.000311827	 -5.99399e-05	 6.83027e-05
1021	 -0.000315538	 -2.01148e-05	 5.9758e-05
1022	 -0.000314272	 -5.98529e-05	 9.08723e-05
1023	 -0.000132948	 -0.000291904	 0.000109137
1024	 -9.77961e-05	 -0.000303309	 7.70238e-05
1025	 -0.000115043	 -0.00029942	 0.00011579
1026	 -0.000143165	 -0.00028633	 9.28564e-05
1027	 -0.000134077	 -0.000274199	 1.48822e-05
1028	 -0.00016941	 -0.000263874	 4.58492e-05
1029	 -0.000125642	 -0.000283039	 2.9866e-05
1030	 -0.000159375	 -0.000260331	 1.49368e-05
1031	 -2.02999e-05	 -0.00031852	 8.20868e-05
1032	 -5.99285e-05	 -0.000311829	 6.82031e-05
1033	 -2.01169e-05	 -0.000315532	 5.96437e-05
1034	 -5.98609e-05	 -0.000314277	 9.0721e-05
1035	 -0.000221694	 9.13029e-06	 0.000344019
1036	 -0.000221347	 -4.31479e-05	 0.000340921
1037	 -0.000211263	 -5.94858e-06	 0.000353806
1038	 -0.000237202	 -3.28026e-05	 0.000326145
1039	 0.000133116	 -0.000291466	 0.00011576
1040	 9.84826e-05	 -0.00030344	 8.18961e-05
1041	 0.000143141	 -0.000286362	 9.8922e-05
1042	 9.80302e-05	 -0.000305042	 0.000104476
1043	 2.06083e-05	 -0.000318557	 8.30868e-05
1044	 6.05926e-05	 -0.000312011	 7.11518e-05
1045	 2.05872e-05	 -0.000315639	 6.06343e-05
1046	 6.02756e-05	 -0.000314264	 9.36441e-05
1047	 0.000291147	 -0.000132621	 0.000122053
1048	 0.000303623	 -9.81006e-05	 8.65763e-05
1049	 0.000298246	 -0.000114796	 0.000129424
1050	 0.00028642	 -0.000142777	 0.00010441
1051	 0.000274623	 -0.000134333	 1.67868e-05
1052	 0.000264628	 -0.000169836	 5.15391e-05
1053	 0.000291524	 -0.000117359	 5.08175e-05
1054	 0.000260739	 -0.000159642	 1.6804e-05
1055	 0.000318707	 -2.06855e-05	 9.19493e-05
1056	 0.000312348	 -6.03129e-05	 7.6655e-05
1057	 0.000316218	 -2.04643e-05	 6.69666e-05
1058	 0.000314155	 -6.01283e-05	 0.000101645
1062	 0.000209783	 -7.14944e-05	 0.000342116
1063	 0.000186633	 8.34293e-06	 0.000370552
1064	 0.000186529	 -4.40054e-05	 0.000367323
1065	 0.000170963	 2.9457e-07	 0.000381231
1066	 0.000201084	 -2.86774e-05	 0.000358262
1067	 7.90539e-05	 -0.00024206	 0.000307011
1068	 5.05454e-05	 -0.000228339	 0.000331687
1069	 3.96984e-05	 -0.000239992	 0.00032135
1070	 7.76633e-05	 -0.000217138	 0.000334845
1071	 -4.22119e-05	 -0.000221916	 0.000340629
1072	 1.01187e-05	 -0.000222306	 0.000343502
1073	 -5.06587e-06	 -0.000211928	 0.000353345
1074	 -1.1615e-05	 -0.000243029	 0.000321687
1075	 3.02917e-05	 0.000298467	 0
1076	 8.81307e-05	 0.000286763	 0
1077	 5.1022e-05	 0.000301757	 1.7981e-05
1078	 8.9987e-05	 0.000301706	 5.45823e-05
1079	 0.000107562	 0.000286452	 1.78112e-05
1080	 0.000126519	 0.000283986	 3.58339e-05
1081	 7.0742e-05	 0.00030275	 3.58356e-05
1082	 0.000268766	 0.000169261	 0.000148261
1083	 0.000240547	 0.000207445	 0.000147975
1084	 0.000253014	 0.000185326	 0.000173415
1085	 0.000264172	 0.000179273	 0.000129716
1086	 0.00020609	 0.000241733	 7.38581e-05
1087	 0.000241745	 0.000206097	 7.39636e-05
1088	 0.000226144	 0.000226127	 0.000110835
1089	 0.000219966	 0.000220058	 3.69013e-05
1090	 0.000199643	 0.000233817	 0.000198848
1091	 0.000233906	 0.000199553	 0.000198828
1092	 0.000221744	 0.000221694	 0.000173732
1093	 0.000211832	 0.000211708	 0.000222956
1094	 -0.000298462	 3.03384e-05	 0
1095	 -0.000286756	 8.81529e-05	 0
1096	 -0.000301247	 5.09224e-05	 1.59344e-05
1097	 -0.000300869	 8.98284e-05	 4.85082e-05
1098	 -0.000285948	 0.000107449	 1.58169e-05
1099	 -0.000283214	 0.000126285	 3.18419e-05
1100	 -0.000301973	 7.05366e-05	 3.17646e-05
1101	 -0.000169939	 0.000269889	 0.000139336
1102	 -0.000208269	 0.000241894	 0.000137155
1103	 -0.000187906	 0.000254179	 0.000162616
1104	 -0.000179681	 0.000264786	 0.000121678
1105	 -0.000241105	 0.000205899	 6.6794e-05
1106	 -0.000205861	 0.000241438	 6.8787e-05
1107	 -0.000226159	 0.000226502	 0.000101825
1108	 -0.000219577	 0.000219578	 3.37618e-05
1109	 -0.000238625	 0.000200917	 0.000184595
1110	 -0.000204146	 0.000235162	 0.000186317
1111	 -0.000224482	 0.000223035	 0.000161082
1112	 -0.000218349	 0.000213219	 0.000208908
1113	 -2.96907e-05	 -0.000298527	 0
1114	 -8.79164e-05	 -0.000286829	 0
1115	 -5.01416e-05	 -0.000301078	 1.49277e-05
1116	 -0.000271187	 -0.00017096	 0.000125209
1117	 -0.000242784	 -0.000209407	 0.000124669
1118	 -0.00025697	 -0.000188848	 0.000148288
1119	 -0.000258264	 -0.00018924	 9.3408e-05
1120	 -0.000205516	 -0.000240834	 6.17313e-05
1121	 -0.000240823	 -0.000205565	 6.18868e-05
1122	 -0.000226389	 -0.000226385	 9.29673e-05
1123	 -0.000219082	 -0.000219213	 3.0723e-05
1124	 -0.000219541	 -0.000219609	 0.000193941
1125	 -0.00022552	 -0.000225539	 0.00014801
1126	 -0.000205062	 -0.000239801	 0.000171428
1127	 -0.000239753	 -0.000205101	 0.000171465
1128	 0.000298523	 -2.97364e-05	 0
1129	 0.000286876	 -8.77611e-05	 0
1130	 0.000301528	 -5.04364e-05	 1.68571e-05
1131	 0.00030131	 -8.94704e-05	 5.12063e-05
1132	 0.000286286	 -0.000107156	 1.67023e-05
1133	 0.000283673	 -0.000126102	 3.3604e-05
1134	 0.000302373	 -7.01518e-05	 3.35767e-05
1135	 0.000170741	 -0.000270259	 0.000133599
1136	 0.00020893	 -0.000241705	 0.000134969
1137	 0.000186763	 -0.000256086	 0.000158667
1138	 0.000180232	 -0.000264822	 0.000116816
1139	 0.00024143	 -0.000205828	 6.84391e-05
1140	 0.000205927	 -0.000241091	 6.67118e-05
1141	 0.000226504	 -0.000226182	 0.000101512
1142	 0.000219675	 -0.000219454	 3.36497e-05
1143	 0.00023528	 -0.000204259	 0.000185838
1144	 0.000201022	 -0.000238741	 0.000184137
1145	 0.000223111	 -0.000224563	 0.000160639
1146	 0.00021337	 -0.000218498	 0.000208415
1150	 2.62527e-05	 0.000150003	 0.000391908
1151	 0.000213191	 0.000111459	 0.000321548
1152	 0.000182713	 0.000148698	 0.000327039
1153	 0.000210384	 0.000140855	 0.000306178
1154	 0.000201064	 0.000104434	 0.000336509
1155	 0.000108667	 0.000144325	 0.000374513
1156	 0.000144864	 0.000108208	 0.000374418
1157	 0.000147654	 0.000147312	 0.000353122
1158	 0.000108773	 9.80887e-05	 0.000394773
1159	 0.000196925	 0.000196739	 0.000268218
1160	 0.000177605	 0.000177373	 0.00030893
1161	 0.000169681	 0.000204873	 0.000288297
1162	 0.000205099	 0.000169475	 0.000288243
1163	 -0.000127941	 0.000214952	 0.000311188
1164	 -0.000167012	 0.000184899	 0.000312767
1165	 -0.000155648	 0.000212038	 0.000294087
1166	 -0.000125716	 0.00020209	 0.000325512
1167	 -0.000179966	 0.000108649	 0.000353619
1168	 -0.000143537	 0.000145092	 0.000358313
1169	 -0.00017458	 0.0001487	 0.000335306
1170	 -0.000147898	 0.000103898	 0.000376101
1171	 -0.000207917	 0.000198487	 0.000252991
1172	 -0.000193752	 0.000179477	 0.000292923
1173	 -0.000219282	 0.000171319	 0.000270532
1174	 -0.000182468	 0.000206692	 0.00027454
1175	 -0.000145912	 -0.000146113	 0.000358846
1176	 -0.000172012	 -0.000170858	 0.000323383
1177	 -0.000178826	 -0.000141449	 0.000338967
1178	 -0.000141413	 -0.000178928	 0.000338934
1179	 -0.000154237	 -0.000229241	 0.000276278
1180	 -0.000133773	 -0.000209346	 0.00031621
1181	 -0.000164402	 -0.00020153	 0.000301101
1182	 -0.000126257	 -0.000235087	 0.000291274
1183	 -0.000228888	 -0.000154552	 0.000276441
1184	 -0.000208749	 -0.00013437	 0.000316397
1185	 -0.000201946	 -0.00016384	 0.000301125
1186	 -0.000234656	 -0.000126632	 0.000291526
1189	 0.000158771	 -9.4394e-05	 0.000372766
1191	 0.00011367	 -0.000233574	 0.000299838
1192	 0.00015149	 -0.000202455	 0.000308627
1193	 0.000143081	 -0.000227899	 0.000285975
1194	 0.000112043	 -0.000208908	 0.000327672
1195	 0.000145871	 -0.000143976	 0.000357712
1196	 0.000109456	 -0.000180456	 0.000353011
1197	 0.000149302	 -0.000174988	 0.000334706
1198	 0.000104933	 -0.000148421	 0.000375522
1199	 0.000198738	 -0.000208136	 0.000252461
1200	 0.000179845	 -0.000194044	 0.000292374
1201	 0.000207026	 -0.000182711	 0.000273974
1202	 0.000171597	 -0.000219541	 0.000270011
1203	 0.00023383	 -8.23764e-05	 0.000313721
1204	 0.000238849	 -3.27885e-05	 0.000321504
1205	 0.000226028	 -4.85952e-05	 0.000332403
1206	 0.000247423	 -7.00018e-05	 0.000301801
1207	 0.000280576	 2.12478e-05	 0.000263269
1208	 0.000281241	 -3.036e-05	 0.00026073
1209	 0.000262319	 -6.31795e-06	 0.000294146
1210	 0.000296792	 -2.75495e-06	 0.000230592
1211	 0.000199815	 2.38746e-05	 0.000359527
1212	 0.000226975	 2.5037e-06	 0.000336442
1213	 0.000225451	 2.75968e-05	 0.000336182
1214	 0.000214643	 -1.31254e-05	 0.000347908
1215	 0.000279338	 0.000143059	 0.000172492
1216	 0.00027145	 0.000131128	 0.000217713
1217	 0.000263451	 0.000159467	 0.000197151
1218	 0.000286455	 0.000125251	 0.000178396
1219	 0.000286846	 5.48883e-05	 0.000241508
1220	 0.000300354	 6.94269e-05	 0.000196371
1221	 0.000281683	 9.39033e-05	 0.000229864
1222	 0.000303153	 3.10478e-05	 0.00020842
1223	 0.000230258	 0.000159188	 0.000265486
1224	 0.000244261	 0.000174266	 0.000221512
1225	 0.000252466	 0.000146227	 0.000241862
1226	 0.000222145	 0.000186551	 0.000245428
1227	 0.000280217	 -0.000145753	 0.00016372
1228	 0.000272262	 -0.000137689	 0.000208471
1229	 0.000264527	 -0.000164066	 0.000186564
1230	 0.00028736	 -0.00012799	 0.000170767
1231	 0.000287872	 -6.19613e-05	 0.000236586
1232	 0.000301109	 -7.24184e-05	 0.000191995
1233	 0.000282647	 -0.00010069	 0.000222841
1234	 0.000303661	 -3.444e-05	 0.00020605
1235	 0.00023183	 -0.000169627	 0.000253141
1236	 0.000245606	 -0.000180832	 0.000209229
1237	 0.000253616	 -0.000154699	 0.000230981
1238	 0.000223762	 -0.000195227	 0.000231676
1239	 -8.21057e-05	 0.00023336	 0.000314274
1240	 -3.25058e-05	 0.000238411	 0.000321961
1241	 -4.82191e-05	 0.000225508	 0.000332929
1242	 -6.97654e-05	 0.000246999	 0.000302339
1243	 2.13807e-05	 0.000280351	 0.000263586
1244	 -3.02268e-05	 0.000280964	 0.000261179
1245	 -6.1171e-06	 0.000261985	 0.000294552
1246	 -2.68969e-06	 0.000296609	 0.000230949
1247	 2.44587e-05	 0.00019922	 0.000359889
1248	 2.86535e-06	 0.000226522	 0.000336823
1249	 2.79706e-05	 0.000225005	 0.000336522
1250	 -1.26429e-05	 0.000214094	 0.000348356
1251	 0.000143109	 0.000279274	 0.000172608
1252	 0.000131246	 0.000271323	 0.000217846
1253	 0.000159554	 0.000263358	 0.000197236
1254	 0.000125298	 0.000286386	 0.000178536
1255	 5.49877e-05	 0.000286683	 0.000241753
1256	 6.94603e-05	 0.000300257	 0.000196596
1257	 9.40119e-05	 0.00028154	 0.000230056
1258	 3.10797e-05	 0.00030303	 0.000208697
1259	 0.000159367	 0.000230063	 0.000265572
1260	 0.000174389	 0.000244136	 0.00022157
1261	 0.000146377	 0.000252306	 0.000241971
1262	 0.000186708	 0.000221985	 0.000245463
1263	 -0.000145688	 0.000280116	 0.000164201
1264	 -0.000137575	 0.000272063	 0.00020903
1265	 -0.000163967	 0.000264391	 0.000187068
1266	 -0.000127929	 0.000287246	 0.000171237
1267	 -6.18602e-05	 0.00028763	 0.000237074
1268	 -7.2374e-05	 0.000300965	 0.000192418
1269	 -0.000100583	 0.000282426	 0.000223363
1270	 -3.44043e-05	 0.000303504	 0.000206441
1271	 -0.000169432	 0.00023154	 0.00025371
1272	 -0.000180696	 0.000245432	 0.000209749
1273	 -0.000154546	 0.000253375	 0.000231545
1274	 -0.000195049	 0.000223549	 0.000232206
1275	 -0.000250741	 -7.82671e-05	 0.000297081
1278	 -0.000262461	 -6.55237e-05	 0.00028527
1279	 -0.000293026	 2.20502e-05	 0.000240878
1280	 -0.000293544	 -3.00011e-05	 0.00023844
1281	 -0.000279105	 -5.8095e-06	 0.000270486
1282	 -0.000305634	 -2.14078e-06	 0.000209725
1283	 -0.000282829	 0.000144187	 0.000155563
1284	 -0.000279126	 0.000132002	 0.000197906
1285	 -0.000268662	 0.000160644	 0.000180348
1286	 -0.000296637	 0.000108484	 0.000166638
1287	 -0.000296744	 5.58491e-05	 0.000220164
1288	 -0.000305857	 7.0415e-05	 0.00017762
1289	 -0.000290444	 9.47891e-05	 0.000209217
1290	 -0.000309764	 3.18858e-05	 0.000188913
1291	 -0.000242269	 0.000160648	 0.000246649
1292	 -0.000251333	 0.000175529	 0.000204986
1293	 -0.000262225	 0.000147332	 0.000222505
1294	 -0.000231171	 0.000188112	 0.000229235
1295	 -0.000283482	 -0.000146215	 0.000147383
1296	 -0.000279589	 -0.000137696	 0.0001892
1297	 -0.000269433	 -0.000164562	 0.000170188
1298	 -0.000291164	 -0.000128333	 0.00015387
1299	 -0.000297555	 -6.1799e-05	 0.000215473
1300	 -0.000306532	 -7.24448e-05	 0.000173513
1301	 -0.000291147	 -0.000100594	 0.00020256
1302	 -0.000310215	 -3.41408e-05	 0.000186679
1303	 -0.000243419	 -0.000170053	 0.000234714
1304	 -0.000252335	 -0.000181353	 0.000193049
1305	 -0.000262988	 -0.000154882	 0.000212045
1306	 -0.000232379	 -0.000196089	 0.000215621
1307	 6.80448e-05	 -0.000253523	 0.000296414
1308	 1.78447e-05	 -0.000260264	 0.000299086
1309	 5.39186e-05	 -0.000247144	 0.000309405
1310	 5.71e-05	 -0.000265053	 0.000283555
1311	 -2.98388e-05	 -0.00029377	 0.000238065
1312	 2.22172e-05	 -0.000293246	 0.000240478
1313	 -5.52735e-06	 -0.00027939	 0.000270105
1314	 -2.03258e-06	 -0.000305794	 0.000209366
1318	 -3.19202e-05	 -0.000237727	 0.000325783
1319	 -0.000146196	 -0.000283528	 0.000147203
1320	 -0.000137598	 -0.000279721	 0.00018897
1321	 -0.000164515	 -0.000269505	 0.000170051
1322	 -0.000128311	 -0.000291221	 0.000153663
1323	 -6.16682e-05	 -0.000297733	 0.000215148
1324	 -7.24022e-05	 -0.000306626	 0.000173237
1325	 -0.000100481	 -0.0002913	 0.000202285
1326	 -3.40763e-05	 -0.000310333	 0.000186364
1327	 -0.000169908	 -0.000243598	 0.000234594
1328	 -0.000181277	 -0.00025243	 0.000192962
1329	 -0.000154759	 -0.000263146	 0.000211869
1330	 -0.000195985	 -0.000232497	 0.00021557
1331	 0.00014424	 -0.000282909	 0.000155169
1332	 0.000132119	 -0.000279259	 0.00019748
1333	 0.000160735	 -0.000268773	 0.000179915
1334	 0.00010854	 -0.000296732	 0.00016626
1335	 5.59898e-05	 -0.000296919	 0.000219761
1336	 7.04777e-05	 -0.000305966	 0.000177252
1337	 9.49164e-05	 -0.0002906	 0.000208797
1338	 3.19606e-05	 -0.000309889	 0.000188552
1339	 0.000160854	 -0.00024249	 0.000246156
1340	 0.000175662	 -0.000251482	 0.000204517
1341	 0.000147491	 -0.000262401	 0.000222041
1342	 0.000188294	 -0.000231357	 0.000228737
1343	 0.000309329	 1.88904e-05	 0.000190531
1344	 0.000307352	 5.73018e-05	 0.000178695
1345	 0.000302449	 5.04295e-05	 0.000202206
1346	 0.000314469	 1.89433e-05	 0.000166794
1347	 0.000319251	 1.94473e-05	 0.000118179
1348	 0.0003116	 5.76798e-05	 0.000154689
1349	 0.000313826	 5.90141e-05	 0.000129946
1350	 0.000317791	 1.91532e-05	 0.000142621
1351	 0.000277347	 0.000112896	 0.000223306
1352	 0.00029693	 8.87397e-05	 0.000190148
1353	 0.00029238	 0.000107043	 0.000184149
1354	 0.00029176	 8.18809e-05	 0.000213364
1355	 0.000225717	 0.000206875	 1.84861e-05
1356	 0.000248319	 0.000193813	 5.56049e-05
1357	 0.000231763	 0.000213249	 5.52756e-05
1358	 0.000244601	 0.000184046	 1.82475e-05
1359	 0.00027492	 0.00013448	 1.80327e-05
1360	 0.000265157	 0.00016991	 5.51533e-05
1361	 0.000279731	 0.000144406	 5.44509e-05
1362	 0.000260997	 0.000159819	 1.80195e-05
1363	 0.000234518	 0.000216639	 0.000129375
1364	 0.000250945	 0.000197399	 9.24718e-05
1365	 0.00025827	 0.000188616	 0.000111087
1366	 0.000234529	 0.000216633	 9.23535e-05
1367	 0.000206818	 0.000225843	 1.86655e-05
1368	 0.000193773	 0.000248365	 5.56797e-05
1369	 0.000213204	 0.000231828	 5.53821e-05
1370	 0.000183984	 0.000244687	 1.83505e-05
1371	 0.00010868	 0.000298393	 7.29179e-05
1372	 0.000161584	 0.000273393	 7.30858e-05
1373	 0.000152619	 0.000280416	 9.19835e-05
1374	 0.000144617	 0.000279598	 5.43523e-05
1375	 0.000216651	 0.000234503	 0.00012941
1376	 0.000197427	 0.000250913	 9.23889e-05
1377	 0.000198726	 0.000249868	 0.000129525
1378	 0.00021663	 0.000234529	 9.23436e-05
1379	 1.88866e-05	 0.000309225	 0.000190821
1380	 5.72995e-05	 0.000307276	 0.000178935
1381	 5.04617e-05	 0.00030234	 0.000202458
1382	 1.89394e-05	 0.000314397	 0.000167055
1383	 1.94456e-05	 0.000319227	 0.000118371
1384	 5.76798e-05	 0.000311551	 0.000154896
1385	 5.9011e-05	 0.000313799	 0.000130115
1386	 1.91509e-05	 0.000317746	 0.000142849
1387	 0.000113008	 0.000277214	 0.000223468
1388	 8.87764e-05	 0.000296845	 0.000190345
1389	 0.000107085	 0.000292304	 0.000184317
1390	 8.19527e-05	 0.000291641	 0.000213572
1391	 1.15838e-05	 0.000302409	 0.000214778
1392	 3.55553e-05	 0.000286867	 0.000247995
1393	 4.31458e-05	 0.0002954	 0.00022589
1394	 9.64066e-06	 0.000289108	 0.000247668
1395	 6.06378e-06	 0.000250483	 0.00030989
1396	 3.34999e-05	 0.000269765	 0.000279576
1397	 3.10714e-05	 0.000248792	 0.00030958
1398	 7.70219e-06	 0.000271854	 0.000279477
1399	 0.000105642	 0.000270001	 0.00024591
1400	 6.6932e-05	 0.000276071	 0.000257944
1401	 9.8073e-05	 0.000261823	 0.000266197
1402	 7.46645e-05	 0.000284684	 0.000236182
1403	 8.28486e-05	 0.000101268	 0.000402198
1404	 8.77377e-05	 0.000142369	 0.000383192
1405	 0.000106662	 0.000124798	 0.000385013
1406	 6.65537e-05	 0.000133242	 0.000393547
1407	 0.000148029	 0.000165847	 0.000340626
1408	 0.000109544	 0.000163428	 0.000362801
1409	 0.000130186	 0.000181977	 0.000339229
1410	 0.000128466	 0.000146201	 0.000364423
1411	 0.000105563	 7.60346e-05	 0.000402544
1412	 0.000146635	 8.10256e-05	 0.000383046
1413	 0.00012952	 0.000100118	 0.000385302
1414	 0.00012192	 5.16078e-05	 0.0004016
1417	 0.000142844	 4.58811e-05	 0.000393063
1419	 0.000166135	 0.000147696	 0.000340638
1420	 0.000163854	 0.000109178	 0.000362701
1421	 0.00018468	 0.000103567	 0.000350427
1422	 0.000146631	 0.000128018	 0.000364406
1423	 0.000302548	 1.15515e-05	 0.000214476
1424	 0.000287044	 3.5456e-05	 0.000247726
1425	 0.000295544	 4.30788e-05	 0.000225627
1426	 0.000289311	 9.54065e-06	 0.000247331
1427	 0.000250846	 5.83551e-06	 0.00030951
1428	 0.000270019	 3.33359e-05	 0.000279272
1429	 0.000249143	 3.083e-05	 0.000309241
1430	 0.000272134	 7.53626e-06	 0.00027911
1431	 0.00027017	 0.000105499	 0.000245734
1432	 0.000276258	 6.67973e-05	 0.000257716
1433	 0.000262024	 9.7902e-05	 0.000266013
1434	 0.000284837	 7.45608e-05	 0.000235962
1435	 -2.03294e-05	 0.000309434	 0.000189889
1436	 -5.8366e-05	 0.00030786	 0.000176093
1437	 -5.35386e-05	 0.000302936	 0.000199264
1438	 -2.01798e-05	 0.000314544	 0.000166087
1439	 -2.01861e-05	 0.000319242	 0.000117342
1440	 -5.85052e-05	 0.000311945	 0.000151948
1441	 -5.95198e-05	 0.000314001	 0.000127042
1442	 -2.01587e-05	 0.000317828	 0.000141845
1443	 -0.000119383	 0.000278034	 0.00021577
1444	 -9.15474e-05	 0.000297628	 0.000185184
1445	 -0.000109771	 0.00029314	 0.00017812
1446	 -8.67073e-05	 0.000292449	 0.000208109
1447	 -0.000206811	 0.000225413	 1.73565e-05
1448	 -0.000193727	 0.000247881	 5.23531e-05
1449	 -0.000212887	 0.000231342	 5.11218e-05
1450	 -0.000183885	 0.000244385	 1.71493e-05
1451	 -0.000134134	 0.000274778	 1.697e-05
1452	 -0.000169694	 0.000264796	 5.19611e-05
1453	 -0.000144078	 0.000279387	 5.12566e-05
1454	 -0.000159569	 0.000260836	 1.69623e-05
1455	 -0.000217085	 0.000235282	 0.000119462
1456	 -0.000197369	 0.000250823	 8.63284e-05
1457	 -0.000188786	 0.000258468	 0.000103992
1458	 -0.000216447	 0.000234479	 8.52545e-05
1459	 -0.000225328	 0.000206569	 1.66023e-05
1460	 -0.000247449	 0.000193506	 4.96006e-05
1461	 -0.000231161	 0.000212868	 5.02766e-05
1462	 -0.000244187	 0.000183759	 1.63213e-05
1463	 -0.000297697	 0.000108562	 6.48098e-05
1464	 -0.000272642	 0.000161438	 6.50404e-05
1465	 -0.000280008	 0.000152715	 8.20565e-05
1466	 -0.000278753	 0.000144357	 4.83387e-05
1467	 -0.000234939	 0.000217547	 0.000118546
1468	 -0.000250468	 0.000197562	 8.33992e-05
1469	 -0.000250401	 0.000199641	 0.000117765
1470	 -0.000234202	 0.000216669	 8.42924e-05
1471	 -0.000314414	 1.96723e-05	 0.000172304
1472	 -0.000311434	 5.83187e-05	 0.000161184
1473	 -0.000308478	 5.13302e-05	 0.000183097
1474	 -0.00031778	 1.96561e-05	 0.000150422
1475	 -0.000319901	 1.99644e-05	 0.000106025
1476	 -0.000314042	 5.85284e-05	 0.000139128
1477	 -0.000314931	 5.95748e-05	 0.000116577
1478	 -0.000319617	 1.97715e-05	 0.000128284
1479	 -0.000285507	 0.000113723	 0.000203145
1480	 -0.000301903	 8.97027e-05	 0.000171887
1481	 -0.000288587	 0.000120363	 0.000182469
1482	 -0.000298824	 8.27907e-05	 0.000193586
1483	 -0.000309745	 1.22499e-05	 0.000194644
1484	 -0.000297646	 3.63683e-05	 0.000226023
1485	 -0.000303797	 4.39455e-05	 0.000205056
1486	 -0.000299921	 1.0229e-05	 0.000225614
1487	 -0.000269977	 6.37648e-06	 0.00028552
1488	 -0.00028454	 3.42047e-05	 0.000256269
1489	 -0.000268134	 3.16258e-05	 0.000285421
1490	 -0.000286701	 8.1796e-06	 0.000256012
1491	 -0.000280759	 0.000106367	 0.000224403
1492	 -0.000288049	 6.78099e-05	 0.000235654
1493	 -0.000274986	 9.8823e-05	 0.000243943
1494	 -0.000294186	 7.54791e-05	 0.000214914
1495	 -0.000189209	 0.000149606	 0.000322543
1496	 -0.00019497	 0.000109871	 0.000341212
1497	 -0.000205722	 0.000131581	 0.000319279
1498	 -0.00017772	 0.00012894	 0.000345022
1499	 -0.000130735	 0.000101563	 0.000385712
1500	 -0.000126613	 0.000142875	 0.000368508
1501	 -0.000145923	 0.000125256	 0.000367706
1502	 -0.000106545	 0.000117607	 0.000389407
1503	 -1.51506e-05	 0.000302754	 0.000213443
1504	 -4.26917e-05	 0.00028783	 0.000244252
1505	 -4.82865e-05	 0.000296131	 0.000222368
1506	 -1.67768e-05	 0.000289441	 0.000246393
1507	 -1.99612e-05	 0.000250796	 0.0003087
1508	 -4.40404e-05	 0.000270683	 0.000275992
1509	 -5.71478e-05	 0.000259542	 0.000289407
1510	 -1.82707e-05	 0.000272165	 0.000278273
1511	 -0.000113966	 0.000270944	 0.000238052
1512	 -7.5609e-05	 0.00027722	 0.000252114
1513	 -0.00010817	 0.000262923	 0.000258367
1514	 -8.13891e-05	 0.000285616	 0.000230494
1515	 -0.000314649	 -1.9986e-05	 0.00017138
1516	 -0.000312051	 -5.84657e-05	 0.000158398
1517	 -0.000309055	 -5.3433e-05	 0.000179939
1518	 -0.000317948	 -1.98448e-05	 0.000149478
1519	 -0.000319933	 -1.98668e-05	 0.000105037
1520	 -0.000314461	 -5.8524e-05	 0.000136266
1521	 -0.000315151	 -5.93844e-05	 0.000113625
1522	 -0.000319718	 -1.98211e-05	 0.000127315
1523	 -0.000286114	 -0.000119396	 0.000195505
1524	 -0.000302632	 -9.1705e-05	 0.000166796
1525	 -0.000297581	 -0.000110068	 0.000160266
1526	 -0.000299527	 -8.67188e-05	 0.000188179
1527	 -0.000224942	 -0.000206542	 1.53638e-05
1528	 -0.00024705	 -0.000193338	 4.64503e-05
1529	 -0.000230683	 -0.00021251	 4.61497e-05
1530	 -0.000243949	 -0.000183604	 1.51843e-05
1531	 -0.000274368	 -0.000133833	 1.50285e-05
1532	 -0.000264024	 -0.000169275	 4.61105e-05
1533	 -0.000278616	 -0.000143642	 4.53879e-05
1534	 -0.00026042	 -0.000159287	 1.50321e-05
1535	 -0.000235542	 -0.000217764	 0.000108776
1536	 -0.000250379	 -0.000197318	 7.75302e-05
1537	 -0.000250988	 -0.000199761	 0.000108957
1538	 -0.000234087	 -0.000216374	 7.73605e-05
1539	 -0.000206449	 -0.000225097	 1.55211e-05
1540	 -0.000193249	 -0.000247124	 4.64562e-05
1541	 -0.000212427	 -0.000230784	 4.62351e-05
1542	 -0.000183531	 -0.000244039	 1.52669e-05
1543	 -0.000107854	 -0.000297433	 6.06538e-05
1544	 -0.000161011	 -0.000272431	 6.09285e-05
1545	 -0.000125636	 -0.00029285	 7.6644e-05
1546	 -0.00014386	 -0.000278475	 4.52456e-05
1547	 -0.000217763	 -0.000235544	 0.000108766
1548	 -0.000197317	 -0.00025036	 7.73657e-05
1549	 -0.000199769	 -0.000250985	 0.000108892
1550	 -0.000216346	 -0.000234109	 7.73261e-05
1551	 -1.99546e-05	 -0.000314743	 0.000171072
1552	 -5.84554e-05	 -0.000312121	 0.000158128
1553	 -5.33794e-05	 -0.000309161	 0.000179643
1554	 -1.98198e-05	 -0.000318012	 0.000149204
1555	 -1.98548e-05	 -0.000319951	 0.00010484
1556	 -5.85198e-05	 -0.000314503	 0.000136032
1557	 -5.93819e-05	 -0.000315172	 0.000113436
1558	 -1.98021e-05	 -0.000319756	 0.000127077
1559	 -0.000119289	 -0.000286256	 0.000195254
1560	 -9.1668e-05	 -0.000302713	 0.000166545
1561	 -0.000110038	 -0.000297651	 0.000160038
1562	 -8.66393e-05	 -0.00029965	 0.000187902
1563	 -1.45588e-05	 -0.00031018	 0.000192995
1564	 -4.23617e-05	 -0.000298659	 0.000221918
1565	 -4.79783e-05	 -0.000304594	 0.000201235
1566	 -1.62293e-05	 -0.000300396	 0.00022397
1567	 -1.94362e-05	 -0.000270561	 0.000283917
1568	 -4.37646e-05	 -0.000285548	 0.00025228
1569	 -3.9858e-05	 -0.000265542	 0.000288314
1570	 -1.77636e-05	 -0.000287214	 0.00025441
1571	 -0.000113839	 -0.000281629	 0.000216278
1572	 -7.54857e-05	 -0.000289209	 0.00022945
1573	 -0.000108075	 -0.00027604	 0.000235732
1574	 -8.12335e-05	 -0.00029513	 0.00020894
1575	 -0.00031005	 -1.46339e-05	 0.000193327
1576	 -0.000298471	 -4.24988e-05	 0.000222261
1577	 -0.000304448	 -4.80747e-05	 0.000201555
1578	 -0.000300205	 -1.6364e-05	 0.000224337
1579	 -0.000270229	 -1.98261e-05	 0.00028429
1580	 -0.000285299	 -4.39766e-05	 0.000252617
1581	 -0.000276148	 -5.72765e-05	 0.000265659
1582	 -0.000286959	 -1.79856e-05	 0.000254784
1583	 -0.000281441	 -0.000113985	 0.00021655
1584	 -0.000288996	 -7.56495e-05	 0.000229773
1585	 -0.000275803	 -0.000108257	 0.000236027
1586	 -0.000294965	 -8.13535e-05	 0.00020924
1587	 1.97115e-05	 -0.000314514	 0.00017197
1588	 5.83501e-05	 -0.000311522	 0.000160842
1589	 5.13977e-05	 -0.000308595	 0.000182731
1590	 1.96883e-05	 -0.000317848	 0.000150122
1591	 1.99803e-05	 -0.000319919	 0.000105799
1592	 5.85501e-05	 -0.000314098	 0.00013882
1593	 5.9588e-05	 -0.000314961	 0.000116304
1594	 1.97961e-05	 -0.000319657	 0.00012802
1595	 0.000113842	 -0.000285652	 0.000202722
1596	 8.97614e-05	 -0.000302006	 0.000171513
1597	 0.000120451	 -0.000288702	 0.000182062
1598	 8.28862e-05	 -0.000298956	 0.00019319
1599	 0.00020664	 -0.000225175	 1.63818e-05
1600	 0.000193572	 -0.000247367	 4.94028e-05
1601	 0.000212926	 -0.00023106	 5.00208e-05
1602	 0.000183818	 -0.000244091	 1.61765e-05
1603	 0.000134274	 -0.000274433	 1.59844e-05
1604	 0.000169652	 -0.000264276	 4.90156e-05
1605	 0.000144149	 -0.000278867	 4.82963e-05
1606	 0.000159609	 -0.000260507	 1.59905e-05
1607	 0.000217566	 -0.000234975	 0.000118165
1608	 0.000197558	 -0.000250486	 8.32687e-05
1609	 0.00018912	 -0.000258277	 0.000100017
1610	 0.000216689	 -0.000234188	 8.40564e-05
1611	 0.000225535	 -0.000206737	 1.74636e-05
1612	 0.00024792	 -0.000193661	 5.22211e-05
1613	 0.000231409	 -0.000212815	 5.10509e-05
1614	 0.000244458	 -0.000183814	 1.71828e-05
1615	 0.000298093	 -0.000108254	 6.83795e-05
1616	 0.000273097	 -0.00016139	 6.85617e-05
1617	 0.000280322	 -0.000152528	 8.64094e-05
1618	 0.000279247	 -0.000144262	 5.09772e-05
1619	 0.000235303	 -0.000217122	 0.000119116
1620	 0.000250799	 -0.000197386	 8.59337e-05
1621	 0.000250612	 -0.000199155	 0.000120126
1622	 0.000234492	 -0.000216431	 8.49623e-05
1623	 0.000309551	 -2.03319e-05	 0.000189558
1624	 0.00030797	 -5.83798e-05	 0.000175729
1625	 0.000303086	 -5.35779e-05	 0.000198859
1626	 0.000314626	 -2.01813e-05	 0.000165785
1627	 0.000319268	 -2.0185e-05	 0.000117109
1628	 0.000312017	 -5.85163e-05	 0.000151613
1629	 0.000314042	 -5.95206e-05	 0.000126743
1630	 0.000317879	 -2.01591e-05	 0.000141575
1631	 0.000278243	 -0.000119491	 0.000215233
1632	 0.000297764	 -9.15955e-05	 0.000184747
1633	 0.000293265	 -0.000109825	 0.000177668
1634	 0.00029263	 -8.67826e-05	 0.000207634
1635	 0.000302917	 -1.51809e-05	 0.000213069
1636	 0.000288083	 -4.27901e-05	 0.000243779
1637	 0.00029633	 -4.83545e-05	 0.000221924
1638	 0.00028967	 -1.68756e-05	 0.000245986
1639	 0.000251188	 -2.01929e-05	 0.000308259
1640	 0.00027101	 -4.42053e-05	 0.000275506
1641	 0.000259921	 -5.73463e-05	 0.000288887
1642	 0.000272469	 -1.84374e-05	 0.000277847
1643	 0.000271209	 -0.000114104	 0.000237489
1644	 0.000277509	 -7.57446e-05	 0.000251584
1645	 0.000263244	 -0.000108337	 0.000257789
1646	 0.000285849	 -8.14931e-05	 0.000229989
1647	 0.000102754	 -0.000131323	 0.000385109
1648	 0.000143811	 -0.000127095	 0.000367861
1649	 0.000126182	 -0.000146443	 0.000367073
1650	 0.000118649	 -0.000107214	 0.000388824
1651	 0.000150121	 -0.00018955	 0.000321995
1652	 0.000110595	 -0.000195375	 0.000340641
1653	 0.000132079	 -0.000206065	 0.000318747
1654	 0.000129636	 -0.000178138	 0.000344438
1655	 1.2329e-05	 -0.000309879	 0.00019429
1656	 3.65113e-05	 -0.000297834	 0.000225628
1657	 4.40523e-05	 -0.000303949	 0.000204672
1658	 1.03675e-05	 -0.000300113	 0.00022523
1659	 6.76764e-06	 -0.000270326	 0.000285074
1660	 3.4417e-05	 -0.000284784	 0.000255865
1661	 4.60151e-05	 -0.000275512	 0.000269934
1662	 8.39795e-06	 -0.000286957	 0.00025561
1663	 0.000106526	 -0.000280938	 0.000223964
1664	 6.7985e-05	 -0.00028825	 0.000235235
1665	 9.90125e-05	 -0.000275201	 0.000243499
1666	 7.56118e-05	 -0.000294352	 0.000214502
1667	 0.000139228	 -4.28705e-06	 0.000398672
1668	 0.000138954	 -4.5509e-05	 0.00039556
1670	 0.000156561	 -2.27099e-05	 0.000388962
