1	 0.00045	 -6.56199e-09	 0
2	 -2.92449e-06	 0.00044999	 0
3	 -0.00045	 -2.88138e-08	 0
4	 -2.73877e-06	 -0.000449992	 0
5	 0.000185316	 -6.66954e-08	 0.000245204
6	 3.61096e-05	 0.000149932	 0.000260624
7	 -0.000113095	 -6.88232e-08	 0.000276043
8	 3.61115e-05	 -0.000150068	 0.000260623
9	 0.00047	 0.00047	 0
10	 -0.00047	 0.00047	 0
11	 -0.00047	 -0.00047	 0
12	 0.00047	 -0.00047	 0
13	 0.00023858	 0.000236052	 0.000153608
14	 -0.000237225	 0.000241331	 0.000153273
15	 -0.00023718	 -0.000241395	 0.000153271
16	 0.000238528	 -0.000236023	 0.000153673
17	 3.61105e-05	 -6.77593e-08	 0.000260624
18	 0	 0	 0
19	 0.000318243	 0.000318153	 0
20	 -0.000317302	 0.000319091	 0
21	 -0.000317129	 -0.000319263	 0
22	 0.000320474	 -0.000315906	 0
23	 0.000141384	 0.00010623	 0.000249745
24	 -6.96236e-05	 0.000105766	 0.000271551
25	 -6.9163e-05	 -0.000106365	 0.000271503
26	 0.000141845	 -0.000105902	 0.000249696
27	 0.000343918	 -6.77817e-08	 0.000145261
28	 2.75966e-07	 0.000347413	 0.000143782
29	 -0.00033605	 -4.37976e-08	 0.000155772
30	 4.32812e-07	 -0.000347398	 0.000143811
31	 0.000354304	 0.000152517	 0.000100646
32	 0.000151709	 0.000350628	 0.00010587
33	 9.62398e-05	 0.000252804	 0.000204506
34	 0.000269073	 0.000106941	 0.000189966
35	 -0.000147896	 0.000349656	 0.000109607
36	 -0.000346264	 0.000146924	 0.00011418
37	 -0.000222617	 9.76087e-05	 0.000223604
39	 -0.000346236	 -0.000146954	 0.000114198
40	 -0.000147842	 -0.000349709	 0.000109587
42	 -0.000222495	 -9.77452e-05	 0.000223648
43	 0.000151873	 -0.00035049	 0.000105952
44	 0.000354184	 -0.000152764	 0.000100669
45	 0.000269171	 -0.000107117	 0.000189864
46	 9.65592e-05	 -0.00025266	 0.000204541
47	 0.000416099	 0.000171352	 0
48	 -0.000172431	 0.000415653	 0
49	 -0.000415428	 -0.000172973	 0
50	 0.000171771	 -0.000415926	 0
51	 0.000173896	 5.74863e-05	 0.000246385
52	 -2.11385e-05	 0.000138451	 0.000266541
53	 -0.000101675	 -5.76218e-05	 0.000274863
54	 9.33596e-05	 -0.000138587	 0.000254707
55	 0.000402698	 -4.51513e-08	 7.87254e-05
56	 -3.63769e-07	 0.000404378	 7.74962e-05
57	 -0.000399755	 -2.18068e-08	 8.4577e-05
58	 -2.628e-07	 -0.000404374	 7.75115e-05
59	 0	 0.00047	 0
60	 -0.00047	 0	 0
61	 0	 -0.00047	 0
62	 0.00047	 0	 0
63	 0.0004109	 7.92131e-05	 5.59762e-05
64	 7.86537e-05	 0.000409567	 5.88282e-05
65	 6.70899e-05	 0.000203995	 0.00023587
66	 0.000230203	 5.42741e-05	 0.0002223
67	 -7.8063e-05	 0.000408695	 6.05645e-05
68	 -0.000407361	 7.7328e-05	 6.32098e-05
69	 -0.000171586	 5.05075e-05	 0.000254528
70	 -2.97173e-05	 0.000197664	 0.00024405
71	 -0.000407351	 -7.73374e-05	 6.3222e-05
72	 -7.80265e-05	 -0.000408717	 6.0549e-05
73	 -2.9626e-05	 -0.000197782	 0.000244034
74	 -0.000171596	 -5.06417e-05	 0.000254514
75	 7.87546e-05	 -0.000409518	 5.88799e-05
76	 0.000410855	 -7.937e-05	 5.60018e-05
77	 0.000230261	 -5.43999e-05	 0.000222264
78	 6.72428e-05	 -0.00020405	 0.00023585
79	 0.000110713	 -6.72273e-08	 0.000252914
80	 3.61101e-05	 7.49322e-05	 0.000260624
81	 -3.84921e-05	 -6.82912e-08	 0.000268333
82	 3.6111e-05	 -7.50678e-05	 0.000260623
83	 0.000235	 0.000235	 0
84	 -0.000235	 0.000235	 0
85	 -0.000235	 -0.000235	 0
86	 0.000235	 -0.000235	 0
87	 0.000172094	 0.000415793	 0
88	 0.000283347	 0.000281332	 8.36957e-05
89	 -0.000415254	 0.00017339	 0
90	 -0.000281973	 0.000284748	 8.30507e-05
91	 -0.000172839	 -0.000415484	 0
92	 -0.000281943	 -0.000284786	 8.30495e-05
93	 0.000415945	 -0.000171725	 0
94	 0.000283308	 -0.000281341	 8.37312e-05
95	 9.30582e-05	 0.000138577	 0.000254739
96	 0.000194612	 0.000175444	 0.000208706
97	 8.87473e-05	 5.30809e-05	 0.000255184
98	 -0.0001018	 5.71831e-05	 0.000274876
99	 -0.000160833	 0.000170618	 0.000228045
100	 -1.67565e-05	 5.28493e-05	 0.000266087
101	 -2.08371e-05	 -0.000138712	 0.000266508
102	 -0.000160722	 -0.000170783	 0.000228038
103	 -1.65262e-05	 -5.32164e-05	 0.000266063
104	 0.000174021	 -5.73187e-05	 0.000246371
105	 0.000194817	 -0.000175262	 0.000208703
106	 8.89776e-05	 -5.29849e-05	 0.00025516
107	 0.000271007	 -6.76562e-08	 0.000202153
108	 0.000314389	 0.000130707	 0.000148663
109	 0.000314372	 -0.000130914	 0.000148612
110	 1.19526e-06	 0.000249708	 0.000218141
111	 0.00012527	 0.000304737	 0.000159778
112	 -0.00012122	 0.000296896	 0.000168628
113	 -0.000227179	 -1.14186e-07	 0.000232405
114	 -0.000287872	 0.000123796	 0.000175405
115	 -0.000287794	 -0.000123883	 0.000175441
116	 1.49573e-06	 -0.000249715	 0.000218157
117	 -0.000121135	 -0.00029702	 0.000168574
118	 0.000125517	 -0.000304593	 0.000159828
119	 0.000299474	 0.000197506	 0.000130987
120	 0.000354143	 7.62769e-05	 0.000127032
121	 0.000344257	 0.00023866	 5.5471e-05
122	 0.000198372	 0.000296506	 0.000133558
123	 0.000238789	 0.000342217	 5.81553e-05
124	 7.62019e-05	 0.000354128	 0.000128392
125	 0.000169732	 0.000247318	 0.000183415
126	 4.87709e-05	 0.000303596	 0.000178519
127	 0.000120485	 0.000183094	 0.000232888
128	 0.000256266	 0.000174045	 0.000175173
129	 0.00020781	 0.000107725	 0.000223976
130	 0.000309952	 5.33156e-05	 0.000170965
131	 -0.000195681	 0.000298799	 0.000134642
132	 -7.41655e-05	 0.000353484	 0.000130058
133	 -0.000236304	 0.000342795	 6.03765e-05
134	 -0.000295378	 0.000197278	 0.00013696
135	 -0.000340882	 0.000236393	 6.2834e-05
136	 -0.000346159	 7.37905e-05	 0.000138388
137	 -0.000232766	 0.000171199	 0.00019402
138	 -0.000282809	 4.97169e-05	 0.000195535
139	 -0.000150041	 0.000103164	 0.000253015
140	 -0.000166578	 0.000242488	 0.000189867
141	 -8.22929e-05	 0.000175029	 0.000247532
142	 -4.6735e-05	 0.000295807	 0.000185277
143	 -0.000295337	 -0.000197326	 0.000136975
144	 -0.000346139	 -7.38514e-05	 0.000138398
145	 -0.000340756	 -0.000236478	 6.29222e-05
146	 -0.000195633	 -0.000298863	 0.000134625
147	 -0.000236209	 -0.00034294	 6.02819e-05
148	 -7.40594e-05	 -0.000353513	 0.000130065
149	 -0.000166504	 -0.000242622	 0.000189831
150	 -4.66045e-05	 -0.000295905	 0.000185237
151	 -8.19983e-05	 -0.000175393	 0.000247465
152	 -0.00023267	 -0.000171293	 0.000194046
153	 -0.000149791	 -0.000103556	 0.000253021
154	 -0.000282744	 -4.9829e-05	 0.00019557
155	 0.000198422	 -0.000296411	 0.000133623
156	 7.63655e-05	 -0.000354052	 0.000128448
157	 0.000238908	 -0.00034204	 5.82751e-05
158	 0.000299385	 -0.000197606	 0.000131016
159	 0.000344288	 -0.000238731	 5.5377e-05
160	 0.000354093	 -7.64737e-05	 0.000127044
161	 0.000256286	 -0.000174115	 0.000175142
162	 0.000310001	 -5.34712e-05	 0.000170909
163	 0.000208051	 -0.000107651	 0.000223896
164	 0.000169854	 -0.000247216	 0.000183444
165	 0.00012086	 -0.0001829	 0.000232887
166	 4.90154e-05	 -0.000303521	 0.000178565
167	 0.000375858	 0.000247448	 0
168	 0.000441074	 8.91822e-05	 0
169	 0.000388037	 0.000163177	 5.21813e-05
170	 -0.000248226	 0.000375345	 0
171	 -9.07682e-05	 0.000440751	 0
172	 -0.000161648	 0.000385981	 5.70124e-05
173	 -0.000374464	 -0.000249554	 0
174	 -0.00044094	 -8.98443e-05	 0
175	 -0.000384486	 -0.000161485	 5.95252e-05
176	 0.000248915	 -0.000374889	 0
177	 8.85025e-05	 -0.000441211	 0
178	 0.000163279	 -0.000386314	 5.50498e-05
179	 0.000160345	 8.30048e-05	 0.000247785
180	 0.000182323	 2.98274e-05	 0.000245514
181	 0.000219404	 8.11447e-05	 0.000223815
182	 0.000105003	 2.87093e-05	 0.000253504
183	 -4.65219e-05	 0.000124828	 0.000269164
184	 6.3738e-06	 0.000146923	 0.000263697
185	 -5.61085e-05	 0.000186721	 0.000246551
186	 7.486e-06	 6.91918e-05	 0.000263582
187	 -8.81236e-05	 -8.31403e-05	 0.000273462
188	 -0.000110102	 -2.99629e-05	 0.000275734
189	 -0.000161026	 -7.72473e-05	 0.000254556
190	 -3.27821e-05	 -2.88448e-05	 0.000267743
191	 0.000118743	 -0.000124964	 0.000252084
192	 6.58473e-05	 -0.000147058	 0.00025755
193	 9.42113e-05	 -0.000193825	 0.000235107
194	 6.47351e-05	 -6.93273e-05	 0.000257665
195	 0.000374676	 -5.62106e-08	 0.000113461
196	 0.000427882	 -3.19439e-08	 4.09388e-05
197	 0.00038412	 7.81032e-05	 9.28077e-05
198	 0.000384065	 -7.82706e-05	 9.28365e-05
199	 1.50043e-07	 0.000377243	 0.000112005
200	 -1.22844e-06	 0.000428689	 4.01968e-05
201	 7.77638e-05	 0.000383355	 9.48749e-05
202	 -7.64397e-05	 0.000382598	 9.65476e-05
203	 -0.000369505	 -3.33137e-08	 0.000121798
204	 -0.000426673	 -1.13898e-08	 4.40107e-05
205	 -0.000378548	 7.58757e-05	 0.0001023
206	 -0.000378537	 -7.59205e-05	 0.000102303
207	 2.76138e-07	 -0.000377233	 0.000112029
208	 -1.13555e-06	 -0.000428686	 4.02062e-05
209	 -7.63554e-05	 -0.000382621	 9.65514e-05
210	 7.79104e-05	 -0.000383297	 9.49195e-05
211	 0.000384873	 0.000116621	 7.952e-05
213	 0.000408171	 3.98562e-05	 6.83619e-05
215	 0.000116215	 0.000382455	 8.35926e-05
218	 3.94092e-05	 0.000408298	 6.91334e-05
219	 8.18613e-05	 0.000229043	 0.000221004
220	 5.1803e-05	 0.000177628	 0.000249074
221	 -1.44439e-05	 0.000224207	 0.000231994
222	 0.000106979	 0.000161041	 0.000244566
223	 0.000250365	 8.07522e-05	 0.000207301
224	 0.00020852	 2.72909e-05	 0.000234946
225	 0.000202492	 5.59948e-05	 0.000235198
226	 0.000290808	 2.70272e-05	 0.00018796
227	 -0.000113761	 0.000381486	 8.63172e-05
228	 -4.10959e-05	 0.000431617	 3.17741e-05
229	 -3.9469e-05	 0.000407816	 6.99728e-05
230	 -0.000126168	 0.000414735	 3.19666e-05
231	 -0.000379161	 0.000113158	 8.99968e-05
232	 -0.000431099	 3.97509e-05	 3.3201e-05
233	 -0.000380386	 0.000206809	 3.30923e-05
234	 -0.000404861	 3.89011e-05	 7.48616e-05
235	 -0.000197994	 7.44536e-05	 0.000240163
236	 -0.000143312	 2.56377e-05	 0.000266573
237	 -0.000199967	 -2.45892e-05	 0.000244947
238	 -0.000126229	 8.03876e-05	 0.000265004
239	 -6.7421e-05	 0.000216465	 0.000231454
241	 -2.54827e-05	 0.000168448	 0.000256161
242	 1.07469e-05	 0.000188425	 0.00024831
243	 -0.000379148	 -0.000113162	 9.00134e-05
244	 -0.00043109	 -3.97537e-05	 3.32178e-05
245	 -0.000404854	 -3.89335e-05	 7.48678e-05
246	 -0.000414081	 -0.00012602	 3.33596e-05
247	 -0.000113736	 -0.000381517	 8.62972e-05
248	 -4.1035e-05	 -0.000431633	 3.17577e-05
250	 -3.93894e-05	 -0.000407827	 6.99757e-05
251	 -6.72927e-05	 -0.000216645	 0.000231407
254	 -5.1542e-05	 -0.000157568	 0.000258304
255	 -0.000197788	 -7.44575e-05	 0.000240262
256	 -0.000143299	 -2.57713e-05	 0.000266575
257	 -0.000137075	 -5.43043e-05	 0.000265891
258	 -0.00017261	 -1.93784e-07	 0.000257039
259	 0.000116329	 -0.000382379	 8.36548e-05
261	 3.9521e-05	 -0.000408269	 6.91672e-05
263	 0.000384779	 -0.000116848	 7.9557e-05
266	 0.000408151	 -3.99749e-05	 6.83755e-05
267	 0.000250454	 -8.09623e-05	 0.00020722
268	 0.00020855	 -2.74335e-05	 0.00023493
269	 0.000290837	 -2.71738e-05	 0.000187932
270	 0.000191486	 -8.26499e-05	 0.000236159
271	 8.20331e-05	 -0.000228882	 0.000221079
272	 5.18731e-05	 -0.000177698	 0.000249073
273	 8.05554e-05	 -0.000171859	 0.000246612
274	 1.09364e-05	 -0.00018856	 0.00024828
275	 8.86828e-05	 0.000441175	 0
276	 0.000248597	 0.000375099	 0
278	 0.000262013	 0.000259821	 0.000120314
280	 0.000323379	 0.000219155	 9.47223e-05
281	 0.000219684	 0.000320806	 9.73795e-05
282	 -0.000440896	 9.00591e-05	 0
283	 -0.000374591	 0.000249362	 0
284	 -0.000414082	 0.000126054	 3.33379e-05
285	 -0.000260733	 0.000264104	 0.000119728
286	 -0.000300823	 0.000303196	 4.31687e-05
287	 -0.000217019	 0.000322256	 9.8935e-05
288	 -0.000319535	 0.000217884	 0.000101351
289	 -9.12774e-05	 -0.000440645	 0
290	 -0.000247913	 -0.000375552	 0
292	 -0.000260694	 -0.000264156	 0.000119725
293	 -0.000300855	 -0.000303169	 4.31674e-05
294	 -0.000319487	 -0.000217925	 0.000101376
295	 -0.000216971	 -0.000322321	 9.89102e-05
296	 0.000441044	 -8.93303e-05	 0
297	 0.00037605	 -0.000247156	 0
299	 0.000261974	 -0.000259808	 0.000120365
301	 0.000219745	 -0.000320717	 9.74366e-05
302	 0.000323301	 -0.00021927	 9.47328e-05
303	 6.56776e-05	 0.000146958	 0.000257569
304	 0.000118343	 0.000125094	 0.000252126
305	 6.45844e-05	 6.92546e-05	 0.000257681
306	 8.03627e-05	 0.000171752	 0.000246655
307	 0.000217674	 0.000206759	 0.000182807
308	 0.000169216	 0.000141972	 0.000231159
309	 0.000233084	 0.00014159	 0.000201585
310	 0.000145833	 0.00021613	 0.00021009
311	 -0.000110136	 2.96567e-05	 0.000275737
312	 -8.83886e-05	 8.26028e-05	 0.00027349
313	 -3.28445e-05	 2.85577e-05	 0.00026775
314	 -0.000137053	 5.40317e-05	 0.00026592
316	 -0.000192563	 0.000134892	 0.000227905
317	 -0.000116826	 0.000139904	 0.000252614
318	 -0.000200584	 0.000207806	 0.000193963
319	 6.54347e-06	 -0.000147093	 0.000263679
320	 -4.61221e-05	 -0.00012523	 0.000269121
321	 7.63671e-06	 -6.93901e-05	 0.000263566
322	 -2.52947e-05	 -0.000168566	 0.00025616
323	 -0.000192441	 -0.000135056	 0.00022792
325	 -0.000116561	 -0.000140266	 0.000252589
326	 -0.000200502	 -0.000207923	 0.000193956
327	 0.000182357	 -2.97922e-05	 0.00024551
328	 0.00016061	 -8.27383e-05	 0.000247757
329	 0.000105066	 -2.86932e-05	 0.000253497
330	 0.000202514	 -5.59941e-05	 0.000235198
331	 0.00021775	 -0.000206651	 0.000182836
332	 0.000169555	 -0.000141704	 0.000231132
333	 0.000146096	 -0.000215972	 0.0002101
334	 0.00023323	 -0.000141585	 0.00020152
335	 0.000229805	 -7.44675e-08	 0.000225619
336	 0.000308826	 -6.85366e-08	 0.000175428
337	 0.000251305	 -2.7254e-05	 0.000213237
338	 0.000251277	 2.71111e-05	 0.000213259
339	 0.000335018	 0.000141865	 0.000125509
340	 0.000292409	 0.000119083	 0.000170148
341	 0.000332773	 6.49079e-05	 0.000149852
342	 0.000278454	 0.000186205	 0.00015392
343	 0.00033495	 -0.00014209	 0.00012549
344	 0.000292448	 -0.000119274	 0.000170068
345	 0.000332768	 -6.50815e-05	 0.000149831
346	 0.000278414	 -0.000186286	 0.000153921
347	 -4.56461e-05	 0.000244816	 0.000218939
349	 1.05269e-06	 0.000301046	 0.000183803
350	 4.13704e-05	 0.000240189	 0.000221175
351	 0.00013882	 0.000328458	 0.00013401
352	 0.00011109	 0.000279526	 0.000183255
353	 6.26637e-05	 0.000329804	 0.000154552
354	 0.000184593	 0.000272682	 0.000159591
355	 -0.000134848	 0.000324166	 0.00014064
356	 -0.000107068	 0.000267975	 0.000193663
357	 -6.06737e-05	 0.000325804	 0.000159015
358	 -0.000181736	 0.000271617	 0.000163588
359	 -0.000226107	 -4.88431e-05	 0.000230186
360	 -0.000226077	 4.87704e-05	 0.000230205
361	 -0.000284149	 -5.44553e-08	 0.00019768
362	 -0.000199963	 2.43557e-05	 0.000244959
363	 -0.000317984	 0.000135764	 0.000146484
364	 -0.000256076	 0.000111073	 0.000201061
365	 -0.0003157	 6.20282e-05	 0.000168469
366	 -0.000265126	 0.000184924	 0.000166995
367	 -0.000317928	 -0.000135825	 0.000146515
368	 -0.000255976	 -0.000111185	 0.000201101
369	 -0.000315662	 -6.21162e-05	 0.000168489
370	 -0.000265063	 -0.000185	 0.000167011
371	 4.16833e-05	 -0.000240168	 0.00022118
372	 -4.55822e-05	 -0.000244824	 0.000218963
373	 1.23921e-06	 -0.000301049	 0.000183819
374	 -1.40093e-05	 -0.000224259	 0.000232004
375	 -0.000134776	 -0.000324256	 0.000140598
376	 -0.000106972	 -0.000268134	 0.0001936
377	 -6.05514e-05	 -0.000325859	 0.000159002
378	 -0.000181672	 -0.000271713	 0.000163562
379	 0.000139026	 -0.000328315	 0.000134076
380	 0.000111374	 -0.000279382	 0.000183294
381	 6.28689e-05	 -0.000329731	 0.000154598
382	 0.000184682	 -0.000272586	 0.000159632
383	 0.000269812	 0.000217553	 0.000143209
384	 0.000327629	 0.000175875	 0.000116855
385	 0.000292928	 0.0002405	 0.000108884
386	 0.000307649	 0.000164574	 0.000140756
387	 0.000350279	 3.81557e-05	 0.000137113
388	 0.000355514	 0.000114306	 0.000114944
389	 0.000380426	 3.84606e-05	 0.00010456
390	 0.000335119	 0.000103504	 0.000138791
392	 0.000351212	 0.00019656	 7.91931e-05
394	 0.000308479	 0.000257189	 8.0479e-05
395	 0.000219244	 0.000267096	 0.000144504
396	 0.000175898	 0.000324324	 0.000120747
397	 0.000162369	 0.000301473	 0.000147806
398	 0.000241986	 0.000290437	 0.000110228
400	 0.000196408	 0.000348386	 8.30881e-05
401	 0.000163426	 0.000386568	 5.45904e-05
402	 0.000261818	 0.00031281	 7.18962e-05
403	 3.83267e-05	 0.000352026	 0.000136971
404	 0.000113881	 0.000353671	 0.000118112
405	 3.82886e-05	 0.00038138	 0.000104721
406	 0.000100946	 0.00033042	 0.000145193
407	 0.000204683	 0.000242396	 0.000169627
408	 0.000133601	 0.000250812	 0.00019506
409	 0.000182701	 0.000212094	 0.00019746
410	 0.000148025	 0.000276843	 0.000172737
411	 2.47115e-05	 0.000326306	 0.0001623
412	 7.2661e-05	 0.000279075	 0.000192628
413	 2.50674e-05	 0.0002776	 0.000199681
414	 8.72543e-05	 0.000305154	 0.000170319
415	 0.000131429	 0.00014564	 0.000242841
416	 0.00010875	 0.000218775	 0.000220071
417	 9.39745e-05	 0.000193814	 0.000235135
418	 0.000157982	 0.000179842	 0.000222074
419	 0.000248022	 0.0002056	 0.000165242
420	 0.000263307	 0.000141144	 0.000183455
421	 0.000286151	 0.000152892	 0.000163034
422	 0.000225941	 0.000174598	 0.000193206
423	 0.000175227	 0.000107278	 0.000237879
424	 0.000239013	 0.000107629	 0.000208029
425	 0.000191324	 8.2809e-05	 0.000236184
426	 0.000201644	 0.000142106	 0.000217432
427	 0.000327678	 2.67694e-05	 0.000159004
428	 0.000292989	 7.33115e-05	 0.000180737
429	 0.000271388	 5.39857e-05	 0.000198536
430	 0.000313217	 9.22654e-05	 0.000161041
431	 -0.000217208	 0.000270916	 0.000144738
432	 -0.000172638	 0.000325008	 0.000122973
433	 -0.000240003	 0.000293419	 0.0001105
434	 -0.000159053	 0.00029881	 0.000152909
435	 -3.70598e-05	 0.000351672	 0.000137759
436	 -0.000111	 0.000352823	 0.000120735
437	 -3.75964e-05	 0.000380993	 0.000105486
438	 -9.79229e-05	 0.000326324	 0.00015062
439	 -0.000277658	 0.000333225	 3.16467e-05
440	 -0.000193038	 0.000348394	 8.61901e-05
442	 -0.000259823	 0.000314781	 7.25974e-05
443	 -0.00026723	 0.000220073	 0.000145922
444	 -0.000321656	 0.000172952	 0.000126439
445	 -0.000292579	 0.000161164	 0.000157497
446	 -0.000290327	 0.000242245	 0.000111743
447	 -0.000331546	 0.000278166	 3.33949e-05
448	 -0.0003458	 0.000192845	 8.96084e-05
449	 -0.000384681	 0.000161715	 5.9107e-05
450	 -0.000312461	 0.000261295	 7.38892e-05
451	 -0.000342351	 3.69923e-05	 0.00014793
452	 -0.000347469	 0.000110336	 0.000127195
453	 -0.000375106	 3.72363e-05	 0.000113292
454	 -0.000318188	 9.90549e-05	 0.000158291
455	 -0.0002357	 0.000206658	 0.000175123
456	 -0.000228384	 0.00013482	 0.000210195
457	 -0.000197445	 0.00017153	 0.000212359
458	 -0.000261075	 0.000147996	 0.000185825
459	 -0.000310248	 2.50981e-05	 0.000177202
460	 -0.000253558	 7.39017e-05	 0.000211026
461	 -0.000255948	 2.48676e-05	 0.00021541
462	 -0.000286255	 8.697e-05	 0.000186636
463	 -0.0001109	 0.000104931	 0.000263786
464	 -0.000187264	 0.000100743	 0.000239543
465	 -0.000161062	 7.70001e-05	 0.000254574
466	 -0.000155796	 0.000137261	 0.000241716
467	 -0.000191714	 0.000240363	 0.0001798
468	 -0.000104529	 0.000233546	 0.000215302
469	 -0.000144361	 0.000270438	 0.000180302
470	 -0.000164304	 0.000207254	 0.000210312
471	 -7.63086e-05	 0.000141276	 0.000260524
472	 -9.62979e-05	 0.000203267	 0.000232643
473	 -5.19006e-05	 0.000157263	 0.000258343
474	 -0.000124782	 0.000189198	 0.000231978
475	 -2.34308e-05	 0.000322435	 0.000165962
476	 -6.97455e-05	 0.000267451	 0.000201921
477	 -2.27795e-05	 0.000273577	 0.000202856
478	 -8.4177e-05	 0.0002973	 0.000178084
479	 -0.000267188	 -0.00022013	 0.000145927
480	 -0.000321631	 -0.000173	 0.000126443
481	 -0.000290317	 -0.000242283	 0.000111729
482	 -0.000292523	 -0.000161235	 0.000157518
483	 -0.00034234	 -3.70679e-05	 0.000147934
484	 -0.000347443	 -0.000110385	 0.000127209
485	 -0.000375097	 -3.72913e-05	 0.000113297
486	 -0.000318143	 -9.9132e-05	 0.000158313
487	 -0.000331398	 -0.000278691	 3.29997e-05
488	 -0.000345816	 -0.000192546	 8.97871e-05
489	 -0.000380704	 -0.000206032	 3.3257e-05
490	 -0.000312396	 -0.00026135	 7.39144e-05
491	 -0.000217161	 -0.000270978	 0.00014473
492	 -0.00017258	 -0.000325057	 0.000122966
493	 -0.000158983	 -0.000298901	 0.000152878
494	 -0.000239968	 -0.000293446	 0.000110511
495	 -0.000277131	 -0.000333379	 3.20389e-05
496	 -0.000193306	 -0.000348387	 8.60332e-05
497	 -0.000161835	 -0.000386197	 5.65951e-05
498	 -0.000259766	 -0.000314857	 7.25709e-05
499	 -3.69267e-05	 -0.00035168	 0.000137779
500	 -0.000110917	 -0.000352865	 0.000120731
501	 -3.74883e-05	 -0.000381004	 0.000105498
502	 -9.78233e-05	 -0.000326396	 0.000150597
503	 -0.00019164	 -0.00024047	 0.000179784
504	 -0.000104411	 -0.000233743	 0.000215242
505	 -0.000164209	 -0.000207406	 0.000210289
506	 -0.000144281	 -0.000270567	 0.000180257
507	 -2.32853e-05	 -0.000322469	 0.000165958
508	 -6.9624e-05	 -0.000267582	 0.000201875
509	 -2.25954e-05	 -0.000273644	 0.000202843
510	 -8.40655e-05	 -0.000297407	 0.000178043
511	 -7.59421e-05	 -0.000141776	 0.000260452
512	 -9.61509e-05	 -0.000203483	 0.000232596
513	 -5.59052e-05	 -0.000186883	 0.000246534
514	 -0.000124626	 -0.000189432	 0.00023194
515	 -0.000235632	 -0.000206739	 0.000175132
516	 -0.000228276	 -0.000134936	 0.000210226
517	 -0.000260992	 -0.000148089	 0.000185853
518	 -0.000197341	 -0.00017167	 0.000212363
519	 -0.000110515	 -0.000105377	 0.000263794
520	 -0.000187004	 -0.000101032	 0.000239596
521	 -0.000126108	 -8.08168e-05	 0.000264975
522	 -0.000155593	 -0.00013753	 0.000241719
523	 -0.000310219	 -2.51982e-05	 0.000177219
524	 -0.000253476	 -7.40217e-05	 0.00021106
525	 -0.000255918	 -2.50025e-05	 0.000215422
526	 -0.000286186	 -8.70713e-05	 0.000186669
527	 0.000219242	 -0.000267035	 0.000144564
528	 0.000176009	 -0.000324214	 0.000120806
529	 0.000241988	 -0.000290414	 0.000110257
530	 0.000162519	 -0.000301354	 0.000147851
531	 3.84902e-05	 -0.000351982	 0.000137012
532	 0.000114049	 -0.000353566	 0.000118178
533	 3.8427e-05	 -0.000381343	 0.00010476
534	 0.000101157	 -0.000330317	 0.000145243
536	 0.000196223	 -0.000348359	 8.32501e-05
538	 0.000258472	 -0.000306198	 8.18842e-05
539	 0.000269736	 -0.000217587	 0.000143256
540	 0.000327514	 -0.000176043	 0.000116888
541	 0.000307589	 -0.000164723	 0.000140749
542	 0.000292841	 -0.000240556	 0.000108931
544	 0.000351017	 -0.000197022	 7.91233e-05
545	 0.000388158	 -0.000163554	 5.17805e-05
546	 0.000314826	 -0.000260769	 7.05124e-05
547	 0.000350254	 -3.83202e-05	 0.000137122
548	 0.000355428	 -0.000114524	 0.000114967
549	 0.000380403	 -3.86017e-05	 0.000104572
550	 0.000335077	 -0.000103707	 0.000138777
551	 0.000248005	 -0.000205618	 0.000165257
552	 0.000263368	 -0.000141266	 0.000183384
553	 0.000226053	 -0.000174539	 0.000193185
554	 0.000286148	 -0.000153029	 0.000162992
555	 0.000327701	 -2.69153e-05	 0.000158975
556	 0.000293026	 -7.34763e-05	 0.000180686
557	 0.000271447	 -5.41365e-05	 0.000198484
558	 0.000313234	 -9.24472e-05	 0.000160989
559	 0.000175599	 -0.000107082	 0.000237798
560	 0.000239239	 -0.000107668	 0.000207905
561	 0.000219475	 -8.116e-05	 0.000223788
562	 0.000201884	 -0.000141969	 0.000217381
563	 0.000204717	 -0.000242327	 0.000169668
564	 0.000133823	 -0.00025068	 0.000195087
565	 0.000148209	 -0.000276721	 0.00017277
566	 0.000182867	 -0.000211951	 0.000197476
567	 0.000131804	 -0.000145327	 0.000242852
568	 0.000109168	 -0.000218571	 0.000220088
569	 0.000107303	 -0.000161045	 0.000244515
570	 0.000158277	 -0.000179639	 0.000222069
571	 2.49131e-05	 -0.000326265	 0.00016234
572	 7.2934e-05	 -0.000278972	 0.00019267
573	 2.53132e-05	 -0.000277599	 0.000199687
574	 8.75008e-05	 -0.000305048	 0.000170364
575	 0.000430516	 0.000130981	 0
576	 0.000447711	 4.53307e-05	 0
577	 0.000426905	 8.42741e-05	 2.8495e-05
578	 -0.000132408	 0.000430079	 0
579	 -4.75111e-05	 0.000447485	 0
580	 -8.46271e-05	 0.000425769	 3.0873e-05
581	 -0.000430142	 -0.000132203	 0
582	 -0.000447662	 -4.58147e-05	 0
583	 -0.000425277	 -8.38241e-05	 3.22543e-05
584	 0.000130808	 -0.000430568	 0
585	 4.36825e-05	 -0.000447875	 0
586	 8.36989e-05	 -0.000426374	 2.99957e-05
587	 0.000415661	 -3.63335e-08	 6.02138e-05
588	 0.000439344	 -3.06492e-08	 2.08774e-05
589	 0.000429301	 4.27181e-05	 3.49791e-05
590	 0.000429293	 -4.27663e-05	 3.49839e-05
591	 -7.31219e-07	 0.0004169	 5.91952e-05
592	 -1.79993e-06	 0.000439732	 2.04726e-05
593	 4.16841e-05	 0.000429465	 3.53623e-05
594	 -2.07876e-05	 0.000418957	 5.52409e-05
595	 -0.000413651	 -1.89801e-08	 6.47076e-05
596	 -0.000438799	 -1.21331e-09	 2.24558e-05
597	 -0.000418491	 3.93839e-05	 5.43534e-05
598	 -0.000418483	 -3.93947e-05	 5.43649e-05
599	 -6.26134e-07	 -0.000416896	 5.92083e-05
600	 -1.71862e-06	 -0.000439731	 2.04775e-05
601	 -2.07074e-05	 -0.000418965	 5.52417e-05
602	 4.18071e-05	 -0.000429445	 3.53821e-05
603	 0.000430529	 6.24458e-05	 2.86843e-05
605	 0.000438708	 2.26846e-05	 2.09682e-05
607	 6.13289e-05	 0.000430064	 3.01833e-05
610	 2.12728e-05	 0.00043916	 2.05723e-05
611	 -5.97789e-05	 0.00042072	 4.6517e-05
612	 -2.20018e-05	 0.000441398	 1.62677e-05
613	 -2.11825e-05	 0.000430518	 3.6198e-05
614	 -6.60571e-05	 0.00043697	 1.63078e-05
615	 -0.000419825	 5.88103e-05	 4.85661e-05
616	 -0.000441182	 2.01733e-05	 1.70177e-05
617	 -0.000428177	 0.00010824	 1.70093e-05
618	 -0.000429258	 1.98971e-05	 3.883e-05
619	 -0.000157682	 3.81737e-05	 0.000260855
620	 -0.000128448	 1.28878e-05	 0.000271629
621	 -0.000158099	 -1.30122e-05	 0.000262179
622	 -0.000122754	 4.14737e-05	 0.000271431
623	 -9.4817e-06	 0.00019325	 0.0002466
624	 2.34805e-05	 0.000169385	 0.000255026
625	 -5.17823e-06	 0.000163713	 0.000258236
627	 -0.00041981	 -5.88231e-05	 4.85886e-05
628	 -0.000441179	 -2.016e-05	 1.70252e-05
629	 -0.000429253	 -1.99087e-05	 3.88382e-05
630	 -0.000436827	 -6.49373e-05	 1.70464e-05
631	 -5.97178e-05	 -0.000420744	 4.64973e-05
632	 -2.19422e-05	 -0.000441406	 1.62595e-05
634	 -2.11055e-05	 -0.000430528	 3.61931e-05
635	 -9.3428e-06	 -0.00019338	 0.000246576
636	 2.35768e-05	 -0.000169523	 0.000255006
638	 -4.92693e-06	 -0.000163909	 0.000258201
639	 -0.000157663	 -3.82982e-05	 0.000260858
640	 -0.000128431	 -1.30222e-05	 0.000271633
641	 -0.000122685	 -4.17683e-05	 0.000271431
642	 -0.000143533	 -7.52343e-08	 0.000267249
643	 6.14851e-05	 -0.000430034	 3.02009e-05
645	 2.13874e-05	 -0.000439154	 2.05775e-05
647	 0.00043051	 -6.24707e-05	 2.87112e-05
650	 0.000438707	 -2.27048e-05	 2.09673e-05
651	 0.000211386	 0.000397261	 0
652	 0.000284626	 0.000348551	 0
653	 0.000244484	 0.000359342	 2.96273e-05
654	 0.000291173	 0.000293326	 6.4026e-05
655	 0.000309131	 0.000311315	 2.21302e-05
657	 0.000298282	 0.000304638	 4.36873e-05
658	 -0.000396934	 0.000211999	 0
659	 -0.000348145	 0.000285123	 0
660	 -0.000358678	 0.000243553	 3.20458e-05
661	 -0.000291704	 0.000294272	 6.34997e-05
662	 -0.000309336	 0.000311508	 2.20064e-05
663	 -0.000280508	 0.000309782	 5.80267e-05
664	 -0.000307546	 0.000282143	 5.89142e-05
665	 -0.000211176	 -0.000397372	 0
666	 -0.000283415	 -0.000349537	 0
667	 -0.000242719	 -0.000360084	 3.07239e-05
668	 -0.000291717	 -0.000294265	 6.3498e-05
669	 -0.00030934	 -0.000311506	 2.20058e-05
670	 -0.000307461	 -0.00028244	 5.87043e-05
671	 -0.000280214	 -0.000309873	 5.82332e-05
672	 0.000397789	 -0.00021039	 0
673	 0.000350124	 -0.000282689	 0
674	 0.00036078	 -0.000243676	 2.8185e-05
675	 0.000295229	 -0.000289219	 6.40485e-05
676	 0.000313277	 -0.000307134	 2.21359e-05
678	 0.000306463	 -0.000296388	 4.36991e-05
679	 0.000182205	 0.000158981	 0.000220388
680	 0.00015562	 0.000124391	 0.000240969
681	 0.000188753	 0.000124999	 0.000228139
682	 0.000145156	 0.000162846	 0.000232928
683	 -0.000176912	 0.000152942	 0.000228492
684	 -0.0002078	 0.000116442	 0.000226289
685	 -0.0001716	 0.000119246	 0.000241203
686	 -0.000213084	 0.000153359	 0.000211822
687	 -0.000142789	 -0.000180251	 0.000230381
688	 -0.000114698	 -0.000211881	 0.000224149
689	 -0.000103438	 -0.000182613	 0.000240229
690	 -0.000134602	 -0.000221061	 0.000213711
691	 0.000182477	 -0.00015875	 0.000220375
692	 0.000156022	 -0.000124092	 0.00024093
693	 0.000145513	 -0.000162612	 0.000232916
694	 0.000189042	 -0.000124827	 0.000228081
695	 0.000290246	 -6.81313e-08	 0.000189235
696	 0.000326701	 -6.83518e-08	 0.000160782
697	 0.000309848	 -2.68079e-05	 0.00017373
698	 0.000309822	 2.66612e-05	 0.000173758
699	 2.13009e-05	 0.000245145	 0.000220054
700	 6.89042e-05	 0.000246983	 0.000213528
701	 6.08576e-05	 0.000265974	 0.000203307
702	 5.4276e-05	 0.000222334	 0.000229043
703	 -0.000114205	 0.000282632	 0.000181511
704	 -0.000105901	 0.000250965	 0.000204821
705	 -7.70893e-05	 0.000282537	 0.00019038
706	 -0.000137109	 0.000255777	 0.000192644
707	 -0.000226919	 2.43194e-05	 0.000231853
708	 -0.00022464	 7.31954e-05	 0.000227469
709	 -0.000255072	 4.94523e-05	 0.000213746
710	 -0.000199189	 4.97205e-05	 0.00024315
711	 -0.000272177	 0.000117526	 0.000188634
712	 -0.000239544	 0.00010443	 0.000212725
713	 -0.000270072	 8.06001e-05	 0.000199241
714	 -0.000244962	 0.000141435	 0.000198414
715	 -0.000272087	 -0.000117624	 0.000188674
716	 -0.000239435	 -0.000104554	 0.000212765
717	 -0.000269987	 -8.07098e-05	 0.000199281
718	 -0.000244869	 -0.00014154	 0.000198443
719	 -2.20975e-05	 -0.000247562	 0.000219051
720	 -7.5145e-05	 -0.000239741	 0.000217894
721	 -4.61614e-05	 -0.000270863	 0.000202878
722	 -3.76523e-05	 -0.00022166	 0.000232175
723	 -0.000114115	 -0.000282774	 0.000181452
724	 -0.000105795	 -0.000251141	 0.000204759
725	 -7.69747e-05	 -0.000282666	 0.000190329
726	 -0.000137023	 -0.000255926	 0.000192595
727	 0.000355141	 9.52576e-05	 0.00012126
728	 0.000355239	 0.000133391	 0.000108085
729	 0.000384832	 9.74375e-05	 8.64004e-05
730	 0.000335471	 0.000122697	 0.000132351
731	 0.000348223	 0.000217844	 6.76128e-05
732	 0.00035324	 0.000174791	 9.02055e-05
733	 0.000393946	 0.000187212	 2.67077e-05
734	 0.000326239	 0.000197554	 0.000105956
735	 0.000217881	 0.000345793	 7.08807e-05
736	 0.000174354	 0.000350001	 9.47587e-05
737	 0.000187959	 0.000392958	 2.7947e-05
738	 0.000197919	 0.00032331	 0.000109193
739	 -0.000214897	 0.000346144	 7.35792e-05
740	 -0.000170713	 0.000349567	 9.8195e-05
741	 -0.000193668	 0.000395409	 1.95226e-05
742	 -0.000194824	 0.000324396	 0.000111186
743	 -0.000343896	 0.000214906	 7.64867e-05
744	 -0.000346595	 0.000170192	 0.000102177
745	 -0.000383098	 0.000184495	 4.64176e-05
746	 -0.000321373	 0.000195539	 0.000114072
747	 -0.000230743	 0.000153116	 0.000202455
748	 -0.000225671	 0.000116313	 0.000217249
749	 -0.000210642	 0.000134978	 0.000219393
750	 -0.000242409	 0.000123045	 0.000205925
751	 -0.000268391	 6.18613e-05	 0.000203648
752	 -0.000238293	 8.58207e-05	 0.000217684
753	 -0.00024004	 6.13806e-05	 0.000220986
754	 -0.000255018	 9.25575e-05	 0.000206354
755	 -5.82798e-05	 0.000281841	 0.000193933
756	 -8.72238e-05	 0.000250798	 0.000209162
757	 -4.62611e-05	 0.000270808	 0.000202882
758	 -8.84698e-05	 0.00026792	 0.000198098
759	 -0.000343875	 -0.000214711	 7.66607e-05
760	 -0.000346604	 -0.00016997	 0.000102293
761	 -0.000383158	 -0.000183989	 4.66926e-05
762	 -0.000321371	 -0.000195407	 0.000114159
763	 -0.000215067	 -0.000346176	 7.34192e-05
764	 -0.000170904	 -0.000349571	 9.80958e-05
765	 -0.000193852	 -0.000395344	 1.94825e-05
766	 -0.00019494	 -0.000324413	 0.00011111
767	 -5.81486e-05	 -0.000281946	 0.000193898
768	 -8.7107e-05	 -0.000250963	 0.000209107
769	 -5.76328e-05	 -0.000256392	 0.000210715
770	 -8.83598e-05	 -0.000268066	 0.000198044
771	 -0.000230651	 -0.000153216	 0.00020248
772	 -0.000225555	 -0.000116441	 0.000217286
773	 -0.000242304	 -0.000123158	 0.000205962
774	 -0.000212981	 -0.000153479	 0.000211842
775	 -0.000268323	 -6.19729e-05	 0.00020368
776	 -0.000238194	 -8.59446e-05	 0.000217722
777	 -0.000241211	 -3.69417e-05	 0.000223175
778	 -0.000254926	 -9.2673e-05	 0.000206391
779	 0.000217767	 -0.000345732	 7.10469e-05
780	 0.000174264	 -0.000349944	 9.48841e-05
781	 0.000187828	 -0.000392877	 2.81853e-05
782	 0.000197843	 -0.000323262	 0.000109298
783	 0.000348095	 -0.000218185	 6.75138e-05
784	 0.000353053	 -0.000175222	 9.01826e-05
785	 0.000393948	 -0.000187481	 2.64979e-05
786	 0.000339639	 -0.000186509	 9.85808e-05
787	 0.000355072	 -9.54679e-05	 0.000121278
788	 0.000355138	 -0.000133619	 0.000108108
789	 0.000384757	 -9.76339e-05	 8.6437e-05
790	 0.000335415	 -0.000122913	 0.000132336
791	 0.000348745	 0.000284389	 0
792	 0.00039782	 0.000210331	 0
793	 0.000360757	 0.000243651	 2.82472e-05
794	 0.000371889	 0.000158151	 7.68811e-05
795	 0.00040276	 0.000167582	 2.65793e-05
796	 0.000409477	 0.000124346	 4.08753e-05
797	 0.000370239	 0.000180154	 6.61141e-05
798	 -0.00028369	 0.000349314	 0
799	 -0.000211148	 0.000397387	 0
800	 -0.000242861	 0.000359949	 3.07773e-05
801	 -0.000155125	 0.000368665	 8.3862e-05
802	 -0.000167443	 0.000401619	 2.90864e-05
803	 -0.000120229	 0.000398957	 5.97153e-05
804	 -0.000177631	 0.000367814	 7.20337e-05
805	 -0.000347917	 -0.000285401	 0
806	 -0.000396905	 -0.000212053	 0
807	 -0.000358571	 -0.000243655	 3.21033e-05
808	 -0.00036628	 -0.000154605	 8.74694e-05
809	 -0.000400868	 -0.000167569	 3.04018e-05
810	 -0.000397533	 -0.000119882	 6.23148e-05
811	 -0.000365806	 -0.000177317	 7.51103e-05
812	 0.000286442	 -0.000347061	 0
813	 0.000211369	 -0.00039727	 0
814	 0.000244573	 -0.000359235	 2.97044e-05
815	 0.000157914	 -0.000369195	 8.10237e-05
816	 0.000167947	 -0.000401859	 2.80703e-05
817	 0.00011476	 -0.000415064	 3.67478e-05
818	 0.000180053	 -0.000367982	 6.96003e-05
819	 0.000359632	 -6.21987e-08	 0.000129729
820	 0.000389037	 -5.03799e-08	 9.64608e-05
821	 0.000362979	 -1.93934e-05	 0.000125692
822	 0.000362991	 1.92549e-05	 0.000125686
823	 0.000397902	 7.87457e-05	 7.4731e-05
824	 0.000369526	 7.72743e-05	 0.000110254
825	 0.000394719	 3.91928e-05	 8.6776e-05
826	 0.000370312	 9.63234e-05	 0.000104286
827	 0.000397852	 -7.8907e-05	 7.47584e-05
828	 0.000369471	 -7.74547e-05	 0.000110277
829	 0.000394697	 -3.93204e-05	 8.67894e-05
830	 0.000370245	 -9.65213e-05	 0.000104309
831	 2.61549e-07	 0.00036266	 0.000128234
832	 -5.81195e-08	 0.000391153	 9.50959e-05
833	 -1.87061e-05	 0.00036495	 0.000125325
834	 1.93442e-05	 0.000365148	 0.000124943
835	 7.82931e-05	 0.000396844	 7.71631e-05
836	 7.70529e-05	 0.000369118	 0.000111954
837	 3.88771e-05	 0.00039524	 8.72241e-05
838	 9.64334e-05	 0.000369112	 0.000106697
839	 -7.73519e-05	 0.000396024	 7.88634e-05
840	 -7.53622e-05	 0.00036842	 0.000113615
841	 -5.79588e-05	 0.00039573	 8.36967e-05
842	 -9.41793e-05	 0.000368291	 0.000108875
843	 -0.000353175	 -3.8353e-08	 0.000139188
844	 -0.000385037	 -2.79945e-08	 0.000103597
845	 -0.000356421	 -1.87306e-05	 0.000135351
846	 -0.000356425	 1.86592e-05	 0.000135349
847	 -0.000393405	 7.66844e-05	 8.31276e-05
848	 -0.000362804	 7.48938e-05	 0.00012072
849	 -0.000390452	 3.81111e-05	 9.44342e-05
850	 -0.000363578	 9.37195e-05	 0.000115003
851	 -0.000393396	 -7.67132e-05	 8.31339e-05
852	 -0.000362791	 -7.49469e-05	 0.000120725
853	 -0.000390445	 -3.81569e-05	 9.44388e-05
854	 -0.000363562	 -9.37557e-05	 0.000115012
855	 4.01591e-07	 -0.000362647	 0.000128261
856	 5.61651e-08	 -0.000391145	 9.51165e-05
857	 1.94928e-05	 -0.000365122	 0.000124976
858	 -1.85732e-05	 -0.000364949	 0.000125347
859	 -7.72872e-05	 -0.000396047	 7.88589e-05
860	 -7.52657e-05	 -0.000368445	 0.000113623
861	 -5.78842e-05	 -0.000395743	 8.37037e-05
862	 -9.41106e-05	 -0.000368321	 0.000108873
863	 7.842e-05	 -0.00039679	 7.72104e-05
864	 7.72103e-05	 -0.000369053	 0.000112002
865	 3.90053e-05	 -0.000395208	 8.72597e-05
866	 9.65773e-05	 -0.000369035	 0.000106752
867	 0.000370154	 0.000134762	 9.03966e-05
868	 0.000398442	 9.81249e-05	 6.80538e-05
869	 0.000387032	 0.000140095	 6.62656e-05
870	 0.000370604	 0.000115573	 9.75601e-05
871	 0.00040578	 1.99778e-05	 7.37998e-05
872	 0.00040988	 5.9599e-05	 6.24188e-05
873	 0.000418607	 1.99537e-05	 5.50144e-05
874	 0.000396666	 5.90383e-05	 8.09886e-05
876	 0.000426135	 0.000106853	 2.09165e-05
878	 0.000413596	 0.000148178	 2.09072e-05
879	 0.000134209	 0.000367137	 9.50399e-05
880	 9.76917e-05	 0.000396607	 7.15156e-05
881	 9.70741e-05	 0.000383214	 8.9478e-05
882	 0.000143941	 0.000416323	 1.89328e-05
885	 0.000215461	 0.000372964	 3.64663e-05
887	 1.96027e-05	 0.00040667	 7.35626e-05
888	 5.90833e-05	 0.000409264	 6.42229e-05
889	 1.91365e-05	 0.000419117	 5.50524e-05
890	 5.86494e-05	 0.000396384	 8.24207e-05
891	 -0.00013101	 0.000366161	 9.82708e-05
892	 -9.61181e-05	 0.000395662	 7.37444e-05
893	 -0.000137917	 0.000384366	 7.21114e-05
894	 -9.51804e-05	 0.000382333	 9.16634e-05
895	 -0.000149568	 0.00041582	 1.64075e-05
896	 -0.000102333	 0.000412373	 4.66699e-05
897	 -0.000108626	 0.000428377	 1.63277e-05
898	 -0.000144086	 0.000400905	 4.48517e-05
899	 -0.00036331	 0.000130289	 0.000102407
900	 -0.00039385	 9.55074e-05	 7.69248e-05
901	 -0.000379152	 9.45971e-05	 9.63873e-05
902	 -0.000399963	 0.000144106	 4.65592e-05
903	 -0.000398401	 0.000190601	 1.69966e-05
904	 -0.000361197	 0.000222089	 4.83673e-05
905	 -0.00036396	 0.000200285	 6.19501e-05
906	 -0.000378022	 0.000228462	 1.68933e-05
907	 -0.000402637	 1.95104e-05	 7.99628e-05
908	 -0.000406435	 5.81669e-05	 6.92803e-05
909	 -0.000416392	 1.94877e-05	 5.9829e-05
910	 -0.000392265	 5.74524e-05	 8.90084e-05
911	 3.89993e-05	 0.000196556	 0.000242866
914	 5.97722e-06	 0.000219591	 0.000234286
915	 -0.00036329	 -0.000130298	 0.000102429
916	 -0.000393833	 -9.55122e-05	 7.6947e-05
917	 -0.000382465	 -0.000137542	 7.52344e-05
918	 -0.000379137	 -9.46238e-05	 9.63981e-05
919	 -0.000402633	 -1.9547e-05	 7.99668e-05
920	 -0.000406426	 -5.81943e-05	 6.92869e-05
921	 -0.000416389	 -1.95151e-05	 5.98323e-05
922	 -0.000392254	 -5.74905e-05	 8.90164e-05
923	 -0.000415443	 -0.000149682	 1.712e-05
924	 -0.000411398	 -0.000101902	 4.87127e-05
925	 -0.000428188	 -0.000108112	 1.70488e-05
926	 -0.000399855	 -0.000143939	 4.68225e-05
927	 -0.00013098	 -0.000366201	 9.82468e-05
928	 -9.60871e-05	 -0.000395695	 7.37185e-05
929	 -9.51237e-05	 -0.000382363	 9.16548e-05
930	 -0.000144222	 -0.000415977	 1.95419e-05
933	 -0.000213928	 -0.000373278	 3.77692e-05
935	 5.45344e-05	 -0.000222367	 0.00022902
936	 2.16112e-05	 -0.000245156	 0.000220055
937	 6.23498e-06	 -0.000219663	 0.000234273
939	 -0.00017236	 2.51342e-05	 0.000256414
940	 -0.000172372	 -2.54487e-05	 0.000256395
941	 -0.000158098	 1.27148e-05	 0.000262186
942	 -0.000200257	 -1.60231e-07	 0.000245507
943	 0.00013434	 -0.000367033	 9.51164e-05
944	 9.77974e-05	 -0.000396541	 7.1579e-05
945	 0.000140006	 -0.000384942	 6.97748e-05
946	 9.72071e-05	 -0.000383145	 8.95323e-05
947	 1.97089e-05	 -0.000406652	 7.3589e-05
948	 5.9198e-05	 -0.000409225	 6.42622e-05
949	 1.92384e-05	 -0.000419102	 5.50743e-05
950	 5.87791e-05	 -0.000396339	 8.24639e-05
954	 0.00014373	 -0.000416394	 1.8939e-05
955	 0.000370047	 -0.000135006	 9.04235e-05
956	 0.000398375	 -9.83209e-05	 6.80823e-05
957	 0.000370512	 -0.000115799	 9.759e-05
958	 0.000413455	 -0.000148537	 2.09313e-05
961	 0.000374272	 -0.000215019	 3.46837e-05
963	 0.000405771	 -2.00844e-05	 7.38057e-05
964	 0.000409846	 -5.97307e-05	 6.2442e-05
965	 0.000418597	 -2.00461e-05	 5.50221e-05
966	 0.000396632	 -5.91816e-05	 8.10073e-05
968	 3.9177e-05	 -0.000196622	 0.000242852
970	 2.63921e-05	 -0.000214801	 0.000235661
971	 4.31955e-05	 0.000447922	 0
972	 0.000130915	 0.000430536	 0
976	 0.00011476	 0.00041508	 3.67192e-05
977	 8.36375e-05	 0.000426427	 2.99231e-05
978	 0.000250554	 0.000248218	 0.000137374
979	 0.000272948	 0.000270867	 0.000102419
980	 0.000240868	 0.000263899	 0.000132787
981	 0.000266424	 0.000238855	 0.000132117
982	 0.000334203	 0.000229163	 7.5474e-05
983	 0.0003118	 0.000208608	 0.000113231
984	 0.000323628	 0.000246459	 7.33237e-05
985	 0.000337558	 0.000208008	 8.71911e-05
986	 0.000229507	 0.000331884	 7.81434e-05
987	 0.000209304	 0.000309011	 0.000115856
988	 0.000241046	 0.000317188	 8.50289e-05
989	 0.000208202	 0.000334854	 9.047e-05
990	 -0.000447666	 4.57729e-05	 0
991	 -0.000430114	 0.000132294	 0
992	 -0.000436832	 6.49226e-05	 1.70415e-05
993	 -0.000411412	 0.000101887	 4.86957e-05
994	 -0.000415385	 0.000149781	 1.71628e-05
995	 -0.000397555	 0.000119906	 6.22715e-05
996	 -0.000425305	 8.3834e-05	 3.22019e-05
997	 -0.000249261	 0.000252982	 0.000136888
998	 -0.000271641	 0.000274694	 0.000101786
999	 -0.000264389	 0.000242337	 0.000133299
1000	 -0.000239144	 0.000267999	 0.000132668
1001	 -0.000226906	 0.000332899	 8.00142e-05
1002	 -0.000206615	 0.000310887	 0.000117146
1003	 -0.000238748	 0.000318902	 8.61825e-05
1004	 -0.000205168	 0.000335571	 9.27811e-05
1005	 -0.000330572	 0.000227393	 8.24543e-05
1006	 -0.000307802	 0.000207843	 0.000119525
1007	 -0.000316392	 0.00023992	 8.80578e-05
1008	 -0.000332916	 0.000205514	 9.57069e-05
1009	 -4.74329e-05	 -0.000447493	 0
1010	 -0.000132501	 -0.000430051	 0
1011	 -6.59814e-05	 -0.000436986	 1.63027e-05
1014	 -0.000114745	 -0.000414521	 3.7895e-05
1015	 -8.45612e-05	 -0.000425789	 3.08651e-05
1016	 -0.000249215	 -0.000253044	 0.000136885
1017	 -0.000271605	 -0.000274741	 0.000101784
1018	 -0.000239102	 -0.000268042	 0.000132673
1019	 -0.000264364	 -0.00024239	 0.000133289
1020	 -0.000330492	 -0.000227445	 8.25085e-05
1021	 -0.000307768	 -0.000207888	 0.000119533
1022	 -0.000316329	 -0.000239981	 8.80804e-05
1023	 -0.000332906	 -0.000205382	 9.58118e-05
1024	 -0.000226847	 -0.000332996	 7.99568e-05
1025	 -0.000206565	 -0.000310941	 0.000117137
1026	 -0.000238682	 -0.000318984	 8.61555e-05
1027	 -0.00020528	 -0.000335594	 9.26882e-05
1028	 0.000447724	 -4.51993e-05	 0
1029	 0.000430458	 -0.000131172	 0
1031	 0.000426101	 -0.000106991	 2.09183e-05
1033	 0.000409405	 -0.000124558	 4.08906e-05
1034	 0.000426903	 -8.43863e-05	 2.84619e-05
1035	 0.000250514	 -0.000248192	 0.000137432
1036	 0.000272913	 -0.000270862	 0.000102462
1037	 0.000266353	 -0.000238866	 0.000132175
1038	 0.000240844	 -0.000263875	 0.000132833
1039	 0.000229584	 -0.000331758	 7.82322e-05
1040	 0.00020936	 -0.000308933	 0.000115904
1041	 0.000247307	 -0.000321292	 7.54171e-05
1042	 0.000208137	 -0.000334801	 9.05812e-05
1043	 0.000334172	 -0.000229268	 7.54338e-05
1044	 0.000311702	 -0.000208713	 0.000113266
1045	 0.000319443	 -0.000240302	 8.29935e-05
1046	 0.000337414	 -0.000208297	 8.71567e-05
1047	 0.000228385	 0.000221649	 0.000168624
1048	 0.000206418	 0.000191348	 0.000196182
1049	 0.000194093	 0.000227481	 0.000183903
1050	 0.000237278	 0.000190645	 0.000179503
1051	 0.000220712	 0.000124836	 0.000213288
1052	 0.000244936	 0.000157993	 0.000188882
1053	 0.000214124	 0.000158723	 0.000205698
1054	 0.000251395	 0.000124423	 0.000196308
1055	 0.00013335	 0.000199858	 0.000221963
1056	 0.000157954	 0.000231954	 0.000197247
1057	 0.000170565	 0.000196173	 0.000210255
1058	 0.000121285	 0.000234923	 0.000208125
1059	 -0.000114832	 0.000211664	 0.0002242
1060	 -0.000142923	 0.00018005	 0.000230403
1061	 -0.000134709	 0.000220883	 0.000213753
1062	 -0.000103664	 0.000182314	 0.000240279
1063	 -0.0001336	 0.000121745	 0.000253406
1064	 -9.97219e-05	 0.000157657	 0.000250657
1065	 -0.000139068	 0.000155531	 0.000241102
1066	 -9.3391e-05	 0.000123075	 0.000262915
1067	 -0.000216893	 0.00018975	 0.000194501
1068	 -0.000183806	 0.000225387	 0.000192421
1069	 -0.00018108	 0.000189608	 0.000211864
1070	 -0.00021934	 0.000225051	 0.000174411
1071	 -0.000207675	 -0.000116589	 0.000226319
1072	 -0.000176797	 -0.000153102	 0.000228496
1073	 -0.000210528	 -0.000135111	 0.000219418
1074	 -0.000171416	 -0.000119517	 0.000241215
1075	 -9.94445e-05	 -0.000158016	 0.000250613
1076	 -0.000133345	 -0.000122117	 0.000253397
1077	 -0.00013888	 -0.000155791	 0.000241087
1078	 -9.30323e-05	 -0.000123552	 0.000262879
1079	 -0.000183728	 -0.000225514	 0.0001924
1080	 -0.000216808	 -0.000189859	 0.000194507
1081	 -0.000180984	 -0.000189749	 0.000211856
1082	 -0.000219276	 -0.000225142	 0.000174405
1083	 0.000228397	 -0.00022158	 0.000168671
1084	 0.000206558	 -0.000191203	 0.000196195
1085	 0.000237324	 -0.000190624	 0.000179499
1086	 0.000194192	 -0.000227375	 0.000183931
1087	 0.000133672	 -0.000199678	 0.000221967
1088	 0.000158151	 -0.000231823	 0.000197263
1089	 0.0001708	 -0.000196003	 0.000210257
1090	 0.000121578	 -0.000234767	 0.000208146
1091	 0.00022091	 -0.000124797	 0.000213212
1092	 0.000245023	 -0.000158024	 0.000188832
1093	 0.0002143	 -0.000158629	 0.000205659
1094	 0.000251517	 -0.000124509	 0.000196221
1095	 0.000207998	 -7.19978e-08	 0.00023592
1096	 0.000250785	 -7.24479e-08	 0.000214353
1097	 0.000230326	 2.71281e-05	 0.000224579
1098	 0.000230355	 -2.72674e-05	 0.000224561
1099	 -7.52406e-05	 0.000239636	 0.000217915
1100	 -2.22428e-05	 0.000247568	 0.000219015
1101	 -3.77324e-05	 0.000221595	 0.000232175
1102	 -5.77296e-05	 0.000256319	 0.000210726
1103	 2.49182e-05	 0.000302662	 0.000181635
1104	 -2.28261e-05	 0.000298763	 0.00018502
1105	 1.12609e-06	 0.000275911	 0.000201755
1106	 6.78304e-07	 0.00032483	 0.000164511
1110	 2.60935e-05	 0.000214769	 0.000235667
1111	 -0.000141445	 0.000337137	 0.000125525
1112	 -0.000128103	 0.000310746	 0.00015501
1113	 -0.00016563	 0.000312193	 0.00013842
1114	 -0.000104762	 0.000339629	 0.00013617
1115	 -5.3766e-05	 0.000311104	 0.000172475
1116	 -6.7463e-05	 0.000339929	 0.000144886
1117	 -9.11542e-05	 0.000312079	 0.000164694
1118	 -3.02682e-05	 0.000337357	 0.000152207
1119	 -0.000174306	 0.000257305	 0.000177056
1120	 -0.000188865	 0.000285442	 0.000149459
1121	 -0.000151816	 0.000284887	 0.000166942
1122	 -0.000209914	 0.000257001	 0.000159219
1123	 -0.000224614	 -7.32799e-05	 0.000227474
1124	 -0.000226947	 -2.44463e-05	 0.000231834
1125	 -0.000199212	 -4.98277e-05	 0.000243135
1126	 -0.000240004	 -6.14697e-05	 0.000220998
1127	 -0.000283823	 2.48318e-05	 0.000197141
1128	 -0.000283791	 -2.49417e-05	 0.000197158
1129	 -0.000256271	 -6.89489e-08	 0.000215956
1130	 -0.000310636	 -5.00814e-08	 0.000177713
1131	 -0.000332355	 0.000141446	 0.00013078
1132	 -0.000303152	 0.00012988	 0.000161356
1133	 -0.000307386	 0.000166893	 0.000142501
1134	 -0.00033288	 0.000105042	 0.000143279
1135	 -0.000299564	 5.59484e-05	 0.000182373
1136	 -0.000331231	 6.79663e-05	 0.000153818
1137	 -0.000302507	 9.31318e-05	 0.000172843
1138	 -0.000326612	 3.10722e-05	 0.000162962
1139	 -0.000249217	 0.000178233	 0.000180878
1140	 -0.000280509	 0.000191276	 0.000152364
1141	 -0.000277109	 0.000154707	 0.00017204
1142	 -0.000251708	 0.000213574	 0.000160915
1143	 -0.000332315	 -0.000141494	 0.000130803
1144	 -0.000303081	 -0.000129953	 0.000161395
1145	 -0.000307331	 -0.000166945	 0.00014253
1146	 -0.000332838	 -0.000105102	 0.000143304
1147	 -0.000299515	 -5.60494e-05	 0.000182399
1148	 -0.000331202	 -6.80403e-05	 0.000153833
1149	 -0.000302448	 -9.32192e-05	 0.000172872
1150	 -0.000326594	 -3.11601e-05	 0.000162972
1151	 -0.000249142	 -0.000178321	 0.000180896
1152	 -0.000280457	 -0.00019134	 0.000152379
1153	 -0.000277039	 -0.000154789	 0.000172066
1154	 -0.000251654	 -0.000213644	 0.000160921
1155	 6.92182e-05	 -0.000246899	 0.000213547
1158	 6.11361e-05	 -0.000265904	 0.000203331
1159	 -2.26661e-05	 -0.00029881	 0.000185013
1160	 2.51316e-05	 -0.000302624	 0.000181669
1161	 1.3754e-06	 -0.000275916	 0.000201771
1162	 8.49989e-07	 -0.000324823	 0.000164534
1163	 -0.000141381	 -0.000337206	 0.000125495
1164	 -0.000128027	 -0.000310857	 0.000154957
1165	 -0.000165573	 -0.000312277	 0.000138384
1166	 -0.000104674	 -0.000339694	 0.000136147
1167	 -5.36381e-05	 -0.000311176	 0.000172452
1168	 -6.73489e-05	 -0.00033997	 0.000144883
1169	 -9.10504e-05	 -0.000312169	 0.00016466
1170	 -3.01279e-05	 -0.000337377	 0.000152216
1171	 -0.000174236	 -0.00025742	 0.000177025
1172	 -0.000188807	 -0.000285523	 0.000149438
1173	 -0.000151741	 -0.000284998	 0.000166903
1174	 -0.000209859	 -0.000257082	 0.000159206
1175	 0.000288527	 0.00026118	 9.66767e-05
1176	 0.000296571	 0.000219281	 0.000120323
1177	 0.000308397	 0.000230009	 0.000102054
1178	 0.000277671	 0.000250339	 0.000114844
1179	 0.000392066	 1.92957e-05	 9.20686e-05
1180	 0.000367787	 5.74408e-05	 0.000116212
1181	 0.000382607	 5.83201e-05	 9.8954e-05
1182	 0.00037785	 1.92202e-05	 0.000109274
1184	 0.000347747	 0.000261732	 2.84283e-05
1189	 0.000374351	 0.000214815	 3.474e-05
1191	 0.000262943	 0.000286276	 9.73604e-05
1192	 0.000220463	 0.000293841	 0.000122296
1193	 0.000231026	 0.000305863	 0.000104059
1194	 0.00025218	 0.000275325	 0.000115518
1196	 0.000262734	 0.000346091	 2.97923e-05
1199	 0.000157922	 0.000369466	 8.0672e-05
1200	 0.000168237	 0.000401936	 2.77362e-05
1201	 0.00018022	 0.000368131	 6.92953e-05
1202	 0.000140053	 0.000385118	 6.9506e-05
1203	 1.90553e-05	 0.000393412	 9.15571e-05
1204	 5.73224e-05	 0.000368286	 0.000117
1205	 5.80609e-05	 0.000382693	 0.000100053
1206	 1.92376e-05	 0.000379601	 0.000108612
1207	 0.000188793	 0.00019395	 0.000203431
1208	 0.000176345	 0.000229883	 0.00019079
1209	 0.000164391	 0.000214266	 0.00020409
1210	 0.000200334	 0.000209579	 0.000190424
1211	 1.31576e-05	 0.000263893	 0.000209246
1212	 3.69358e-05	 0.000290837	 0.00018944
1213	 3.33327e-05	 0.000259194	 0.000210874
1214	 1.30655e-05	 0.000289527	 0.000192031
1215	 0.000136532	 0.000126187	 0.000246671
1216	 0.000126072	 0.000164597	 0.000238229
1217	 0.000150437	 0.000143912	 0.000237328
1218	 0.000112332	 0.000142212	 0.000249124
1219	 0.000251138	 5.41778e-05	 0.000210893
1220	 0.000291005	 5.36911e-05	 0.000185218
1221	 0.000270624	 8.05836e-05	 0.000194834
1222	 0.000271586	 2.69991e-05	 0.000200944
1223	 0.000314067	 0.000111553	 0.000155161
1224	 0.000311852	 7.28536e-05	 0.000166304
1225	 0.000291574	 9.974e-05	 0.000176106
1226	 0.000334197	 8.43977e-05	 0.000144604
1227	 -0.000261272	 0.000289502	 9.71931e-05
1228	 -0.000218146	 0.000296512	 0.000122983
1229	 -0.000228686	 0.000308069	 0.000104955
1230	 -0.000250538	 0.000278955	 0.000115346
1231	 -0.00014029	 0.000298104	 0.00016108
1232	 -0.000177517	 0.000299036	 0.000144103
1233	 -0.000147056	 0.000311707	 0.000147022
1234	 -0.00017051	 0.00028541	 0.000158504
1235	 -1.90777e-05	 0.000393202	 9.19213e-05
1236	 -5.59443e-05	 0.000367754	 0.000118199
1237	 -5.70598e-05	 0.000382106	 0.00010127
1238	 -1.87389e-05	 0.0003794	 0.000108993
1239	 -0.000109637	 0.000311903	 0.000159935
1240	 -8.6091e-05	 0.000340178	 0.000140671
1241	 -0.000116471	 0.000325493	 0.000145897
1242	 -7.93576e-05	 0.000326306	 0.000155092
1243	 -0.000297662	 0.000326795	 1.61997e-05
1244	 -0.000257207	 0.000338556	 4.63521e-05
1245	 -0.00028947	 0.000318466	 3.76071e-05
1246	 -0.000263406	 0.000354945	 1.62501e-05
1249	 -0.00021387	 0.000373254	 3.78489e-05
1251	 -0.000290472	 0.000142639	 0.000166774
1252	 -0.00029421	 0.000179377	 0.000147564
1253	 -0.000305504	 0.000148577	 0.000152248
1254	 -0.000279052	 0.000173168	 0.000162516
1255	 -0.000286573	 0.000263798	 9.78312e-05
1256	 -0.000293257	 0.000220073	 0.000124787
1257	 -0.000305169	 0.000230254	 0.000106796
1258	 -0.000275725	 0.000253353	 0.000115977
1259	 -0.000325054	 0.000298798	 1.72158e-05
1260	 -0.000336806	 0.00025736	 4.85677e-05
1261	 -0.000316451	 0.000290929	 3.84984e-05
1262	 -0.000353738	 0.000264282	 1.71472e-05
1263	 -0.000366463	 0.000154724	 8.71793e-05
1264	 -0.000400914	 0.000167904	 3.009e-05
1265	 -0.000365904	 0.000177583	 7.48182e-05
1266	 -0.000382581	 0.000137688	 7.50077e-05
1267	 -0.000387969	 1.86933e-05	 9.939e-05
1268	 -0.000361172	 5.55844e-05	 0.000126291
1269	 -0.000377145	 5.65897e-05	 0.000108052
1270	 -0.000372586	 1.86181e-05	 0.000117797
1271	 -0.000303332	 0.000111498	 0.000167189
1272	 -0.000332458	 8.64789e-05	 0.000148699
1273	 -0.000318332	 0.000117497	 0.000152658
1274	 -0.000317181	 8.06032e-05	 0.000163662
1275	 -0.000236636	 0.00022409	 0.000164585
1276	 -0.000234405	 0.000189029	 0.00018493
1277	 -0.000250594	 0.000195938	 0.000171329
1278	 -0.000218316	 0.000207409	 0.000184858
1279	 -0.000323348	 1.25943e-05	 0.000166894
1280	 -0.000296731	 3.74705e-05	 0.000186744
1281	 -0.000313214	 4.35948e-05	 0.000173117
1282	 -0.000297467	 1.25297e-05	 0.000187781
1283	 -0.000241804	 1.23978e-05	 0.000224268
1284	 -0.000269614	 3.73023e-05	 0.000205834
1285	 -0.000241223	 3.68547e-05	 0.000223173
1286	 -0.000270279	 1.24117e-05	 0.000206912
1287	 -9.05394e-05	 0.000105466	 0.000268058
1288	 -0.000130721	 0.000104156	 0.000258746
1289	 -0.000113932	 0.000122503	 0.000258504
1290	 -0.000106485	 8.11692e-05	 0.0002699
1291	 -0.000162719	 0.000189118	 0.000219515
1292	 -0.000165598	 0.000225043	 0.000200428
1293	 -0.000144656	 0.000198566	 0.00022163
1294	 -0.000182593	 0.000207696	 0.000202471
1298	 -0.000120956	 0.000164792	 0.000242938
1299	 -1.16262e-05	 0.000335122	 0.000155251
1300	 -3.5128e-05	 0.000309328	 0.000175964
1301	 -4.20777e-05	 0.000324364	 0.000162761
1302	 -1.11907e-05	 0.000311965	 0.000175151
1303	 -0.000286557	 -0.000263831	 9.7823e-05
1304	 -0.000293238	 -0.000220121	 0.000124779
1305	 -0.000305142	 -0.00023029	 0.000106801
1306	 -0.000275704	 -0.000253398	 0.000115968
1307	 -0.000290406	 -0.000142719	 0.000166801
1308	 -0.000294161	 -0.000179437	 0.000147581
1309	 -0.000305448	 -0.000148642	 0.000152275
1310	 -0.000278993	 -0.000173241	 0.000162534
1311	 -0.000387965	 -1.87452e-05	 9.9392e-05
1312	 -0.000361158	 -5.56424e-05	 0.000126298
1313	 -0.000377135	 -5.66422e-05	 0.000108055
1314	 -0.000372582	 -1.86793e-05	 0.000117799
1315	 -0.000303272	 -0.000111581	 0.000167218
1316	 -0.000332425	 -8.65485e-05	 0.000148715
1317	 -0.00031828	 -0.000117567	 0.000152685
1318	 -0.00031714	 -8.0686e-05	 0.000163683
1319	 -0.000324923	 -0.000299182	 1.68984e-05
1320	 -0.000336672	 -0.00025779	 4.83166e-05
1321	 -0.000316392	 -0.000291172	 3.8292e-05
1322	 -0.00035362	 -0.000264613	 1.69466e-05
1323	 -0.000398696	 -0.000189854	 1.71028e-05
1324	 -0.000361383	 -0.000221593	 4.85339e-05
1325	 -0.000364128	 -0.000199741	 6.21278e-05
1326	 -0.000378164	 -0.000228134	 1.6988e-05
1327	 -0.000140211	 -0.00029821	 0.00016104
1328	 -0.000177457	 -0.000299113	 0.000144079
1329	 -0.000146986	 -0.000311797	 0.000146985
1330	 -0.000170443	 -0.000285503	 0.000158477
1331	 -0.000261244	 -0.000289531	 9.71984e-05
1332	 -0.0002181	 -0.000296552	 0.000122988
1333	 -0.000228648	 -0.000308113	 0.000104948
1334	 -0.000250501	 -0.000278991	 0.000115351
1335	 -0.000297277	 -0.000326928	 1.65153e-05
1336	 -0.00025677	 -0.000338702	 4.65998e-05
1337	 -0.000289228	 -0.000318529	 3.78108e-05
1338	 -0.000263067	 -0.00035507	 1.64505e-05
1339	 -0.00015521	 -0.000368872	 8.35681e-05
1340	 -0.000167728	 -0.000401689	 2.87759e-05
1341	 -0.00017786	 -0.000367927	 7.17522e-05
1342	 -0.000138029	 -0.000384501	 7.18836e-05
1343	 -1.89699e-05	 -0.000393204	 9.19364e-05
1344	 -5.58372e-05	 -0.000367773	 0.000118209
1345	 -5.69616e-05	 -0.000382122	 0.000101279
1346	 -1.86215e-05	 -0.0003794	 0.000109011
1347	 -0.000109544	 -0.000311999	 0.000159897
1348	 -8.59876e-05	 -0.000340228	 0.000140662
1349	 -0.000116385	 -0.000325576	 0.000145864
1350	 -7.92464e-05	 -0.000326371	 0.000155074
1351	 -0.000162614	 -0.000189277	 0.0002195
1352	 -0.000165512	 -0.000225187	 0.000200399
1353	 -0.000144531	 -0.000198757	 0.000221602
1354	 -0.000182505	 -0.000207831	 0.000202456
1355	 -1.14742e-05	 -0.000335132	 0.000155263
1356	 -3.49897e-05	 -0.00030939	 0.000175945
1357	 -4.19439e-05	 -0.000324409	 0.000162753
1358	 -1.10241e-05	 -0.000311983	 0.000175159
1362	 -0.000120749	 -0.000165089	 0.000242903
1363	 -0.000236579	 -0.000224163	 0.000164589
1364	 -0.000234326	 -0.000189118	 0.000184944
1365	 -0.000218241	 -0.000207509	 0.000184859
1366	 -0.000250529	 -0.000196017	 0.000171341
1367	 -9.0107e-05	 -0.000105978	 0.000268044
1368	 -0.000130398	 -0.000104563	 0.000258762
1369	 -0.000113607	 -0.000122909	 0.000258494
1370	 -0.000106232	 -8.16108e-05	 0.000269897
1371	 -0.000323334	 -1.26884e-05	 0.000166904
1372	 -0.000296686	 -3.75765e-05	 0.00018677
1373	 -0.000313181	 -4.36889e-05	 0.000173136
1374	 -0.000297452	 -1.26347e-05	 0.00018779
1375	 -0.000241797	 -1.2577e-05	 0.000224269
1376	 -0.000269574	 -3.74238e-05	 0.000205852
1377	 -0.000255012	 -4.95705e-05	 0.000213773
1378	 -0.000270267	 -1.25349e-05	 0.000206917
1379	 0.000262922	 -0.000286273	 9.73906e-05
1380	 0.000220492	 -0.000293787	 0.000122336
1381	 0.000231053	 -0.000305808	 0.000104101
1382	 0.000252161	 -0.000275309	 0.000115556
1383	 1.9179e-05	 -0.000393392	 9.15851e-05
1384	 5.74743e-05	 -0.00036823	 0.000117048
1385	 5.82065e-05	 -0.000382645	 0.000100095
1386	 1.93704e-05	 -0.000379577	 0.000108643
1388	 0.000262831	 -0.000345962	 2.98835e-05
1393	 0.000215399	 -0.000372942	 3.65565e-05
1395	 0.000288459	 -0.000261214	 9.67184e-05
1396	 0.000296477	 -0.000219355	 0.000120367
1397	 0.000308311	 -0.000230097	 0.000102082
1398	 0.000277605	 -0.000250359	 0.000114893
1400	 0.000347794	 -0.000261738	 2.83501e-05
1403	 0.000371967	 -0.000158478	 7.66107e-05
1404	 0.000402764	 -0.000168013	 2.62766e-05
1405	 0.000370211	 -0.000180577	 6.58868e-05
1406	 0.000387054	 -0.000140424	 6.60771e-05
1407	 0.000392055	 -1.94095e-05	 9.20762e-05
1408	 0.00036775	 -5.76091e-05	 0.000116226
1409	 0.000382569	 -5.8472e-05	 9.89745e-05
1410	 0.000377839	 -1.93469e-05	 0.00010928
1411	 0.000251198	 -5.43188e-05	 0.000210847
1412	 0.00029106	 -5.38468e-05	 0.000185163
1413	 0.000270705	 -8.07475e-05	 0.000194758
1414	 0.000271617	 -2.71436e-05	 0.000200918
1415	 0.000314066	 -0.000111747	 0.000155111
1416	 0.000311885	 -7.30221e-05	 0.000166251
1417	 0.000291629	 -9.99199e-05	 0.000176027
1418	 0.000334177	 -8.45867e-05	 0.000144583
1419	 0.000188979	 -0.000193787	 0.000203439
1420	 0.00017649	 -0.000229761	 0.000190813
1421	 0.000164605	 -0.000214115	 0.000204101
1422	 0.000200455	 -0.000209454	 0.000190445
1423	 0.000136939	 -0.000125851	 0.000246659
1424	 0.000126437	 -0.000164334	 0.000238244
1425	 0.000150795	 -0.000143621	 0.000237319
1426	 0.00011267	 -0.00014206	 0.000249112
1427	 1.34221e-05	 -0.000263906	 0.00020925
1428	 3.71763e-05	 -0.000290807	 0.000189459
1429	 3.36159e-05	 -0.000259187	 0.000210877
1430	 1.32825e-05	 -0.000289528	 0.000192042
1431	 0.000444934	 6.73332e-05	 0
1432	 0.000449427	 2.26956e-05	 0
1434	 -6.92214e-05	 0.000444644	 0
1435	 -2.52432e-05	 0.000449291	 0
1436	 -4.43036e-05	 0.000439847	 1.60356e-05
1437	 -0.000444846	 -6.79151e-05	 0
1438	 -0.000449415	 -2.29403e-05	 0
1439	 -0.000439693	 -4.28113e-05	 1.67701e-05
1440	 6.61857e-05	 -0.000445106	 0
1441	 2.0503e-05	 -0.000449533	 0
1443	 0.000266943	 0.000362273	 0
1444	 0.000301861	 0.000333736	 0
1446	 -0.000361813	 0.000267565	 0
1447	 -0.00033315	 0.000302508	 0
1448	 -0.000340074	 0.000281881	 1.68593e-05
1449	 -0.000265975	 -0.000362984	 0
1450	 -0.000300658	 -0.00033482	 0
1451	 -0.000280485	 -0.000341674	 1.61684e-05
1452	 0.000363523	 -0.000265238	 0
1453	 0.000335668	 -0.000299711	 0
1458	 -0.000135874	 0.000238565	 0.000203566
1462	 -0.000135766	 -0.000238763	 0.000203504
1463	 0.000387282	 0.000229157	 0
1464	 0.000407425	 0.000191061	 0
1466	 -0.000229952	 0.00038681	 0
1467	 -0.000192002	 0.000406983	 0
1469	 -0.000386138	 -0.000231078	 0
1470	 -0.000406638	 -0.000192732	 0
1471	 -0.000389086	 -0.000209189	 1.67869e-05
1472	 0.000230422	 -0.00038653	 0
1473	 0.000191803	 -0.000407077	 0
1475	 0.00010993	 0.000436366	 0
1476	 0.000151689	 0.000423663	 0
1478	 -0.000436014	 0.000111317	 0
1479	 -0.000423185	 0.000153019	 0
1480	 -0.0004224	 0.000129267	 1.68323e-05
1481	 -0.000112009	 -0.000435837	 0
1482	 -0.000152848	 -0.000423247	 0
1484	 0.000436254	 -0.000110376	 0
1485	 0.000423687	 -0.000151622	 0
1487	 0.000423787	 0.000151344	 0
1488	 0.000436297	 0.000110204	 0
1490	 -0.000152591	 0.000423339	 0
1491	 -0.000111712	 0.000435913	 0
1492	 -0.000129395	 0.00042268	 1.61303e-05
1493	 -0.000423275	 -0.000152769	 0
1494	 -0.000436056	 -0.000111153	 0
1495	 -0.000422414	 -0.00012921	 1.68396e-05
1496	 0.000151475	 -0.00042374	 0
1497	 0.00010979	 -0.000436401	 0
1499	 0.000191974	 0.000406996	 0
1500	 0.000230263	 0.000386625	 0
1502	 -0.000406555	 0.000192906	 0
1503	 -0.000386216	 0.000230949	 0
1504	 -0.000388912	 0.000209604	 1.67013e-05
1505	 -0.000192216	 -0.000406882	 0
1506	 -0.000229802	 -0.000386899	 0
1508	 0.000407323	 -0.000191279	 0
1509	 0.000387355	 -0.000229033	 0
1511	 0.000333933	 0.000301643	 0
1512	 0.000362758	 0.000266283	 0
1514	 -0.000300882	 0.00033462	 0
1515	 -0.000266275	 0.000362764	 0
1516	 -0.000280819	 0.000341528	 1.59706e-05
1517	 -0.000332947	 -0.000302732	 0
1518	 -0.000361634	 -0.000267807	 0
1519	 -0.000339933	 -0.000282211	 1.66602e-05
1520	 0.000303844	 -0.000331932	 0
1521	 0.000268069	 -0.00036144	 0
1523	 2.01639e-05	 0.000449548	 0
1524	 6.60916e-05	 0.00044512	 0
1526	 -0.000449417	 2.28917e-05	 0
1527	 -0.000444832	 6.80065e-05	 0
1528	 -0.000439702	 4.27768e-05	 1.67617e-05
1529	 -2.51121e-05	 -0.000449299	 0
1530	 -6.94472e-05	 -0.000444609	 0
1531	 -4.42003e-05	 -0.000439863	 1.60277e-05
1532	 0.00044943	 -2.26356e-05	 0
1533	 0.00044493	 -6.73616e-05	 0
1535	 0.00021365	 0.00038548	 1.84637e-05
1536	 0.000227339	 0.000357946	 4.75819e-05
1538	 0.000232561	 0.000374326	 1.85301e-05
1539	 -8.60404e-05	 0.000225218	 0.000223821
1540	 -4.86452e-05	 0.000207286	 0.000238202
1541	 -5.65684e-05	 0.0002308	 0.000225507
1542	 -7.49264e-05	 0.00019596	 0.000239972
1543	 -0.000212759	 -0.000385724	 1.91175e-05
1544	 -0.000225279	 -0.000358457	 4.92836e-05
1546	 -0.000231335	 -0.000374828	 1.92053e-05
1547	 -8.59067e-05	 -0.00022541	 0.000223768
1548	 -4.85341e-05	 -0.000207442	 0.000238167
1549	 -7.47162e-05	 -0.000196235	 0.000239909
1550	 -5.64745e-05	 -0.000230893	 0.000225493
1551	 0.000122983	 -0.000423188	 1.85871e-05
1552	 9.68464e-05	 -0.000412665	 4.80537e-05
1553	 0.000101633	 -0.000428758	 1.8706e-05
1555	 0.000386368	 -0.000212908	 1.75526e-05
1556	 0.00035962	 -0.000227078	 4.52873e-05
1558	 0.000375429	 -0.000231595	 1.76181e-05
1559	 0.000386446	 0.000212732	 1.75826e-05
1560	 0.000359643	 0.000226946	 4.53664e-05
1562	 0.000375467	 0.000231501	 1.76509e-05
1563	 -0.00021272	 0.000385719	 1.91603e-05
1564	 -0.000225302	 0.000358372	 4.93747e-05
1566	 -0.000231372	 0.000374776	 1.92498e-05
1567	 0.000213571	 -0.000385497	 1.85118e-05
1568	 0.000227373	 -0.000357847	 4.7692e-05
1570	 0.000232557	 -0.0003743	 1.85796e-05
1571	 0.000321522	 0.000295546	 2.57959e-05
1574	 0.000322346	 0.000272548	 5.04703e-05
1575	 0.000292191	 0.000327111	 2.23646e-05
1578	 0.000269238	 0.000324242	 5.16392e-05
1579	 0.000297163	 -0.000319489	 2.65379e-05
1582	 0.000273623	 -0.000320321	 5.19089e-05
1583	 0.000328748	 -0.000290329	 2.23572e-05
1586	 0.000326156	 -0.000268222	 5.02215e-05
1587	 0.000420447	 0.000127802	 2.0714e-05
1588	 0.00039762	 0.000120615	 6.04817e-05
1589	 0.000399175	 0.000143911	 4.68082e-05
1590	 0.000410658	 0.000101892	 4.87273e-05
1592	 0.000115767	 -0.000399374	 6.06536e-05
1593	 0.000139258	 -0.000401397	 4.63797e-05
1595	 0.000206234	 0.000361264	 6.02088e-05
1598	 0.000189752	 0.000380394	 4.59277e-05
1599	 -0.000203937	 -0.000361466	 6.23619e-05
1602	 -0.000188192	 -0.000380376	 4.7589e-05
1603	 0.000363183	 -0.000206291	 5.7293e-05
1606	 0.00038183	 -0.000189588	 4.36234e-05
1607	 9.68e-05	 0.000412701	 4.80084e-05
1608	 0.000123024	 0.000423182	 1.85738e-05
1609	 0.00010163	 0.000428772	 1.86818e-05
1611	 0.000115677	 0.000399428	 6.06058e-05
1613	 0.000139347	 0.000401546	 4.60971e-05
1615	 -9.64853e-05	 -0.000412015	 4.94729e-05
1616	 -0.000123757	 -0.000422712	 1.91787e-05
1617	 -0.000102862	 -0.000428227	 1.92579e-05
1619	 -0.000114435	 -0.00039871	 6.25673e-05
1621	 -0.000138533	 -0.000401052	 4.7664e-05
1623	 0.000397535	 -0.000120841	 6.05096e-05
1624	 0.000420389	 -0.000127995	 2.07134e-05
1625	 0.000399199	 -0.000144203	 4.6614e-05
1626	 0.000410603	 -0.000102078	 4.87433e-05
1627	 0.000363317	 0.000205955	 5.73626e-05
1630	 0.00038182	 0.000189294	 4.385e-05
1631	 -0.000203775	 0.000361455	 6.24897e-05
1634	 -0.000188066	 0.000380265	 4.78378e-05
1635	 0.00020611	 -0.000361238	 6.0343e-05
1638	 0.000189644	 -0.000380265	 4.61996e-05
1639	 0.00033357	 0.000255828	 5.31971e-05
1640	 0.000310584	 0.000288813	 4.73123e-05
1641	 0.000303249	 0.000277322	 6.7466e-05
1642	 0.000336569	 0.000278397	 2.56501e-05
1643	 0.000256499	 -0.000331457	 5.53265e-05
1644	 0.000290272	 -0.000308632	 4.8046e-05
1645	 0.000278844	 -0.000301225	 6.81989e-05
1646	 0.000279878	 -0.000334843	 2.6395e-05
