-2.036790865822286491e+02 1.469413131847639420e+01 3.576553780356287007e+02 5.703795532757394149e-02 -2.918765664879037214e-01 -7.802107520729850698e-03 5.871957832003622115e-06 4.502639559117589912e-04 3.938380520126216733e-04
-1.437187710481531155e+02 2.424663996318283310e+01 3.795626882113442662e+02 1.463068850917692565e-01 -3.743740021569770260e-01 -3.939348298623747135e-01 -9.476125482717889922e-04 1.908963464602773745e-04 7.700644457966110976e-04
-1.790529715189417175e+02 -1.213144583165840231e+02 3.740389952580807176e+02 -1.340847522217368804e-01 -3.522094335322334402e-01 -2.169109154330085554e-01 -5.086512458066336662e-07 6.310085676143680107e-04 2.535663388342286237e-05
-1.167839396098937641e+02 -4.036227316067391513e+01 3.905718430540265445e+02 -1.540527418131487636e-03 -4.427657150410213571e-01 -1.881887145654355109e-01 -6.743535013706010006e-05 1.314885882933866060e-04 -1.593690307083403285e-04
-1.535478112318909325e+02 -3.600242767926054199e+01 3.745656502015297065e+02 -5.725094193754332039e-03 -3.788527003461806819e-01 -1.778907263714321063e-01 -6.461103002329801658e-04 4.582116562212629109e-04 4.687671607873144315e-04
-1.328914845349873985e+01 -3.233214081683906898e+02 5.597117925681009183e+02 -1.362559218430473562e-01 -9.163106869636341578e-01 -1.031441251476147070e+00 -9.447403823286879259e-04 1.096921224304575967e-04 1.070482435312838715e-03
-2.245865120979834160e+02 6.585512173918473877e+01 3.551811629255214484e+02 1.283950114915686225e-01 -2.530587931970198490e-01 -8.206254239276156159e-02 -1.683819789794906599e-05 -5.572404838640757573e-05 5.383217139359726486e-04
1.724490155210389730e+00 1.604307396997606645e+02 4.910760178726868617e+02 1.819363106336175928e-01 -7.111766352750799047e-01 2.947577313705951330e-01 -6.315726272835551537e-05 4.300587565761749545e-04 -1.049627027010146749e-04
-2.172042458692975515e+02 6.352102158350275829e+01 3.564285402588577654e+02 8.730142077386648936e-02 -2.775305814640369739e-01 1.459267384641829146e-01 -1.421345176178893163e-03 5.167305948448048906e-04 4.049103023180237754e-04
-1.564498060205714864e+02 1.060389992114968010e+02 3.827685113868017197e+02 1.811110637577280080e-01 -3.703048758548137531e-01 -3.290628564403075274e-02 5.084724562683535501e-05 3.980003332594458346e-04 5.073163833716477474e-04
-1.752906626166978015e+02 -5.587807890451364834e+00 3.659647330520606374e+02 2.835599046358816544e-02 -3.390857920366210365e-01 -2.279509383832030167e-01 8.008650675897717756e-04 3.543939354411340518e-04 6.178856634429555046e-04
-1.312343625586660210e+02 7.301548574492176158e+01 3.876164588035909446e+02 1.069152471368373103e-01 -4.175599506083322865e-01 3.537732882928423805e-02 3.234417211171343172e-05 1.364399656763060087e-04 6.727733337236572065e-04
-7.693456266043381220e+01 -9.285292403482029044e+01 4.192885050384314809e+02 -1.990840539033568168e-01 -5.012424128353043518e-01 1.360866606907993326e-01 -2.707600287171788521e-04 7.276535011924054833e-04 1.535370993972614759e-04
-1.835614572277301875e+02 -2.929206341349430787e+01 3.641992595133056057e+02 -8.973838688233182204e-02 -3.191151507119672770e-01 1.864909927727593786e-01 -8.202654398692702745e-05 6.083422069686516328e-04 1.986273477027343829e-04
-2.684710677755286383e+02 3.369353198158744362e+02 4.345574387611004568e+02 5.418557852774148476e-01 -2.193984189420122854e-01 8.323357133712527833e-02 1.161853963990756629e-05 -9.560757179507221176e-04 1.498284424370586749e-03
-2.086097423686526611e+02 3.033895619962252681e+02 4.302519068431770393e+02 5.028455598661505377e-01 -2.728655464468724423e-01 -9.049199481409475609e-02 -3.640496793177447804e-05 -8.002205709765409288e-04 1.212583614770824242e-03
-1.920072277656774418e+02 -6.567369879857042747e+01 3.655623564301348551e+02 -1.413420638485216596e-01 -3.066966854683178534e-01 8.264888142559301265e-02 -1.224574700100706092e-06 8.095908183821411402e-04 2.007938050201544600e-04
3.328144966174932051e+00 -1.716902679208372433e+02 5.007042365590186819e+02 -5.336787229602659721e-01 -5.500828470938711190e-01 6.099033073766373381e-01 -5.104175993110957477e-04 3.114333279906866727e-03 -4.379300367744775636e-04
-1.442494130017424823e+02 5.777458683749590307e+01 3.791826858431821847e+02 1.216760180367120192e-01 -3.801529770114662199e-01 -2.873598467658653455e-01 5.481179161648108830e-04 8.695759244347618210e-05 6.040916328910332688e-04
-3.844779885125448686e+02 2.022605594110119043e+01 3.300002568232915792e+02 7.679383488372870659e-02 -1.845005429360817573e-01 6.308539546948821908e+00 -1.492176465506832902e-04 -5.437205152053731227e-03 4.674540179445827587e-03
-3.844779885125448686e+02 2.022605594110119043e+01 3.300002568232915792e+02 7.679383488372870659e-02 -1.845005429360817573e-01 6.308539546948821908e+00 -1.492176465506832902e-04 -5.437205152053731227e-03 4.674540179445827587e-03
1.222805869761407394e+01 -1.968411929342689746e+02 5.198206348637860401e+02 -4.568952259567655716e-01 -6.550863680831537916e-01 2.027177363845251712e-01 -4.158756917942685837e-04 1.936509067848977191e-03 4.520108250084152934e-05
-1.543680990682223921e+02 9.263675612806627768e+00 3.721921296412753009e+02 -1.355417821050464156e-02 -3.678136585069183839e-01 -2.085723325748456425e-02 -5.281224589527116738e-04 4.718756302011788031e-04 4.743629514853894835e-04
-1.341360149162772188e+02 -3.665389788736225540e+01 3.821708592688988801e+02 -1.106030082281392879e-01 -3.947673088231130611e-01 8.975622317748155332e-02 -7.529547925403851680e-05 5.776681528875318846e-04 3.706213971759468226e-04
-1.629117465914876277e+02 2.561506208983147417e+02 4.164200044505959113e+02 4.501646506489305199e-01 -2.845019463851609087e-01 -3.355717196685279458e-01 -2.967386503684234673e-05 -4.921030561949633160e-04 9.544785936956105008e-04
2.154896245200646376e+02 -2.004102861328758820e+02 9.762049411747558452e+02 1.936544551141666126e+00 -9.493758182858831329e-01 -2.091816915225662932e+00 -4.318984375647990683e-04 -4.636881320003123641e-03 3.492339610398847907e-03
1.557492138784914459e+02 -2.963233981614977779e+02 8.260923024978790181e+02 -1.500992497117028091e+00 -2.328896539609632832e-01 1.449391891929813436e+00 8.995136028328341122e-05 1.899883527989693630e-03 -1.169313325655084879e-03
-1.375461612569601755e+02 -5.874281254291762622e+00 3.751296544998483569e+02 -4.917115907870661662e-02 -3.776396581799306151e-01 3.704459411446281436e-02 -2.458237496470574841e-05 5.389410231196879427e-04 4.342599350390218948e-04
-1.805347301215481650e+02 1.795451327937907138e+01 3.585905187945420494e+02 -9.904864924381140412e-03 -3.022827320263650197e-01 4.337335733142411165e-02 3.551011639078285692e-06 4.601077946366977155e-04 4.391968767722100519e-04
-1.807975704879124237e+02 -2.541000612884722898e+00 3.582754237763535912e+02 -5.059444879438601550e-02 -2.965667285259169228e-01 9.506371731394613889e-02 9.483010258905166454e-04 5.570041479483333214e-04 3.395214485163418144e-04
-1.807975704879124237e+02 -2.541000612884722898e+00 3.582754237763535912e+02 -5.059444879438601550e-02 -2.965667285259169228e-01 9.506371731394613889e-02 9.483010258905166454e-04 5.570041479483333214e-04 3.395214485163418144e-04
-1.700283949599933351e+02 3.888659250454438165e-01 3.622876070061205382e+02 -4.093376304547147182e-02 -3.189689565205304778e-01 5.744752231898875294e-02 3.556386495618256319e-06 5.294275337693141875e-04 4.026536567486821254e-04
-1.375461612569601755e+02 -5.874281254291762622e+00 3.751296544998483569e+02 -4.917115907870661662e-02 -3.776396581799306151e-01 3.704459411446281436e-02 -2.458237496470574841e-05 5.389410231196879427e-04 4.342599350390218948e-04
1.557492138784914459e+02 -2.963233981614977779e+02 8.260923024978790181e+02 -1.500992497117028091e+00 -2.328896539609632832e-01 1.449391891929813436e+00 8.995136028328341122e-05 1.899883527989693630e-03 -1.169313325655084879e-03
2.154896245200646376e+02 -2.004102861328758820e+02 9.762049411747558452e+02 1.936544551141666126e+00 -9.493758182858831329e-01 -2.091816915225662932e+00 -4.318984375647990683e-04 -4.636881320003123641e-03 3.492339610398847907e-03
-1.629117465914876277e+02 2.561506208983147417e+02 4.164200044505959113e+02 4.501646506489305199e-01 -2.845019463851609087e-01 -3.355717196685279458e-01 -2.967386503684234673e-05 -4.921030561949633160e-04 9.544785936956105008e-04
-1.343007826122854169e+02 -3.698011570866949427e+01 3.821332276598570843e+02 -1.108085193957339953e-01 -3.945488952323179532e-01 8.820332665654873061e-02 -7.616930655292972392e-05 5.775870909000373459e-04 3.693441330389548726e-04
-1.543680990682223921e+02 9.263675612806627768e+00 3.721921296412753009e+02 -1.355417821050464156e-02 -3.678136585069183839e-01 -2.085723325748456425e-02 -5.281224589527116738e-04 4.718756302011788031e-04 4.743629514853894835e-04
1.222805869761407394e+01 -1.968411929342689746e+02 5.198206348637860401e+02 -4.568952259567655716e-01 -6.550863680831537916e-01 2.027177363845251712e-01 -4.158756917942685837e-04 1.936509067848977191e-03 4.520108250084152934e-05
-3.844779885125448686e+02 2.022605594110119043e+01 3.300002568232915792e+02 7.679383488372870659e-02 -1.845005429360817573e-01 6.308539546948821908e+00 -1.492176465506832902e-04 -5.437205152053731227e-03 4.674540179445827587e-03
-3.844779885125448686e+02 2.022605594110119043e+01 3.300002568232915792e+02 7.679383488372870659e-02 -1.845005429360817573e-01 6.308539546948821908e+00 -1.492176465506832902e-04 -5.437205152053731227e-03 4.674540179445827587e-03
-1.442494130017424823e+02 5.777458683749590307e+01 3.791826858431821847e+02 1.216760180367120192e-01 -3.801529770114662199e-01 -2.873598467658653455e-01 5.481179161648108830e-04 8.695759244347618210e-05 6.040916328910332688e-04
3.328144966174932051e+00 -1.716902679208372433e+02 5.007042365590186819e+02 -5.336787229602659721e-01 -5.500828470938711190e-01 6.099033073766373381e-01 -5.104175993110957477e-04 3.114333279906866727e-03 -4.379300367744775636e-04
-1.920072277656774418e+02 -6.567369879857042747e+01 3.655623564301348551e+02 -1.413420638485216596e-01 -3.066966854683178534e-01 8.264888142559301265e-02 -1.224574700100706092e-06 8.095908183821411402e-04 2.007938050201544600e-04
-2.086097423686526611e+02 3.033895619962252681e+02 4.302519068431770393e+02 5.028455598661505377e-01 -2.728655464468724423e-01 -9.049199481409475609e-02 -3.640496793177447804e-05 -8.002205709765409288e-04 1.212583614770824242e-03
-2.684710677755286383e+02 3.369353198158744362e+02 4.345574387611004568e+02 5.418557852774148476e-01 -2.193984189420122854e-01 8.323357133712527833e-02 1.161853963990756629e-05 -9.560757179507221176e-04 1.498284424370586749e-03
-1.831992527490183988e+02 -2.686413201556408481e+01 3.641773831756815980e+02 -8.371518056410054420e-02 -3.205683534726749828e-01 1.732114126882926541e-01 -8.053235393238792174e-05 5.991161463471664965e-04 1.982988063093116542e-04
-7.693456266043381220e+01 -9.285292403482029044e+01 4.192885050384314809e+02 -1.990840539033568168e-01 -5.012424128353043518e-01 1.360866606907993326e-01 -2.707600287171788521e-04 7.276535011924054833e-04 1.535370993972614759e-04
-1.312343625586660210e+02 7.301548574492176158e+01 3.876164588035909446e+02 1.069152471368373103e-01 -4.175599506083322865e-01 3.537732882928423805e-02 3.234417211171343172e-05 1.364399656763060087e-04 6.727733337236572065e-04
-1.752906626166978015e+02 -5.587807890451364834e+00 3.659647330520606374e+02 2.835599046358816544e-02 -3.390857920366210365e-01 -2.279509383832030167e-01 8.008650675897717756e-04 3.543939354411340518e-04 6.178856634429555046e-04
-1.751964328934360253e+02 -5.741470299902569963e+00 3.659997446052558416e+02 2.812694737071197437e-02 -3.392726480730587912e-01 -2.279512512072503494e-01 7.962956178657328932e-04 3.533025669113680012e-04 6.167080503386296320e-04
-5.772517751211654513e+01 -1.672137714369609540e+01 4.206959648778174596e+02 -1.763325528841129808e-01 -5.208127471707506562e-01 5.301343700412175508e-01 -4.177084935182959246e-05 7.997116477033340423e-04 2.340015441300885731e-04
-1.971684641278428956e+02 1.543143852849515341e+01 3.575246272583351583e+02 2.164754126484913499e-02 -2.958981322608051912e-01 1.016248962864496619e-02 -2.145250551389545358e-05 4.620618002897387139e-04 4.044280112839245575e-04
-9.775042277847842342e+01 -2.457580686537151138e+01 3.966889047386348466e+02 -3.461147831242294970e-02 -4.630076586343239153e-01 -3.212872643649200555e-02 -4.754542464049468938e-05 5.338832099017452610e-04 4.709982761718342951e-04
-1.894566390926568715e+02 -1.068622583029187183e+02 3.681895419246677648e+02 -1.990302754112371897e-01 -2.883314771630428597e-01 1.604560996377943916e-01 -3.979940253340258230e-04 7.471551158303184250e-04 2.056423242984568433e-04
