6.442902697426149084e-04 2.640058522579919798e-04 3.122918071987820679e-04
1.460225978646218642e-03 4.859573291091436064e-04 -9.660513321641246739e-06
6.497504180279957279e-04 1.093352918702795415e-04 6.276164351233858929e-04
7.070223329409670810e-04 5.367949787657172889e-04 7.856937453748881819e-04
1.202218167386833033e-03 2.572046798795468931e-04 2.481719026862078928e-04
1.457768148718337252e-03 5.554471065261722519e-04 -2.667404801948896134e-04
6.637242793108973039e-04 6.970004928010052180e-04 1.886512253521537333e-04
7.033613984840069713e-04 2.812962681356295292e-04 7.391360241667083945e-04
1.865618373706357403e-03 2.071276294771269013e-04 3.028168295308041502e-04
6.058030755668292969e-04 3.087299728133852312e-04 2.151837554686306358e-04
-3.601786576585459414e-05 3.460457518206464943e-04 1.205650979651148836e-04
6.216369127281151565e-04 5.325578825264819238e-04 7.359547247685713385e-05
8.810155805426301027e-04 2.663226745180645471e-05 5.179271655787763334e-04
7.195086145967543451e-04 1.287318241928656873e-04 4.793415949897974928e-04
6.393726845367842752e-04 1.467468259257331299e-03 -6.328281480884758283e-04
6.804683651101951607e-04 1.334096632326236837e-03 -3.883422743036113629e-04
6.503630630237567257e-04 -4.348484778067620595e-05 4.774876688108374589e-04
1.086100370599382995e-03 -2.015747283243583560e-03 1.024069797111939670e-03
1.802682142397737106e-04 5.749019741436001531e-04 1.323692143665569957e-04
7.770067905518078348e-04 5.302154085925218224e-03 -3.350880171572907448e-03
7.770067905518078348e-04 5.302154085925218224e-03 -3.350880171572907448e-03
1.005196991638294566e-03 -1.007834907869684582e-03 6.106347283973700708e-04
1.101251143485825791e-03 2.455118582087462706e-04 2.433833556035004328e-04
7.137485670665140230e-04 1.549808674666758128e-04 3.321592487788663250e-04
6.747082849231327136e-04 1.070427866615264239e-03 -1.674712459917371895e-04
1.018908310852365776e-03 4.617284233215123573e-03 -2.339222768440875778e-03
5.723400844967012607e-04 -9.764929346779266644e-04 1.649944405952291507e-03
6.703512885222575376e-04 1.881212571412279309e-04 2.777011478107897476e-04
6.462763983741014922e-04 2.555820766465912212e-04 2.734764047477428986e-04
-1.621848484319632258e-04 1.726639020738655124e-04 3.587727474712910122e-04
-1.621848484319632258e-04 1.726639020738655124e-04 3.587727474712910122e-04
6.462717988894186140e-04 1.962623392747629865e-04 3.047479334874787370e-04
6.703512885222575376e-04 1.881212571412279309e-04 2.777011478107897476e-04
5.723400844967012607e-04 -9.764929346779266644e-04 1.649944405952291507e-03
1.018908310852365776e-03 4.617284233215123573e-03 -2.339222768440875778e-03
6.747082849231327136e-04 1.070427866615264239e-03 -1.674712459917371895e-04
7.144963368435957793e-04 1.550502355264692328e-04 3.332522559671343971e-04
1.101251143485825791e-03 2.455118582087462706e-04 2.433833556035004328e-04
1.005196991638294566e-03 -1.007834907869684582e-03 6.106347283973700708e-04
7.770067905518078348e-04 5.302154085925218224e-03 -3.350880171572907448e-03
7.770067905518078348e-04 5.302154085925218224e-03 -3.350880171572907448e-03
1.802682142397737106e-04 5.749019741436001531e-04 1.323692143665569957e-04
1.086100370599382995e-03 -2.015747283243583560e-03 1.024069797111939670e-03
6.503630630237567257e-04 -4.348484778067620595e-05 4.774876688108374589e-04
6.804683651101951607e-04 1.334096632326236837e-03 -3.883422743036113629e-04
6.393726845367842752e-04 1.467468259257331299e-03 -6.328281480884758283e-04
7.182299750241313363e-04 1.366269418013731519e-04 4.796227413042163318e-04
8.810155805426301027e-04 2.663226745180645471e-05 5.179271655787763334e-04
6.216369127281151565e-04 5.325578825264819238e-04 7.359547247685713385e-05
-3.601786576585459414e-05 3.460457518206464943e-04 1.205650979651148836e-04
-3.210760065298109126e-05 3.469796805308764153e-04 1.215728296869639290e-04
6.850601694157062126e-04 -3.503083717055028516e-05 4.490704475782980815e-04
6.676729311574818634e-04 2.539099540504616498e-04 3.032295457042568135e-04
6.900017097885303421e-04 1.924494348798967691e-04 2.462626459533923595e-04
9.898949179221352805e-04 9.943937790979929731e-06 4.733385924607244285e-04
