-3.850000000000000000e+02 -2.000000000000000000e+01 9.600000000000000000e+02
-3.850000000000000000e+02 -1.789473684210526372e+01 9.600000000000000000e+02
-3.850000000000000000e+02 -1.578947368421052744e+01 9.600000000000000000e+02
-3.850000000000000000e+02 -1.368421052631578938e+01 9.600000000000000000e+02
-3.850000000000000000e+02 -1.157894736842105310e+01 9.600000000000000000e+02
-3.850000000000000000e+02 -9.473684210526316818e+00 9.600000000000000000e+02
-3.850000000000000000e+02 -7.368421052631578760e+00 9.600000000000000000e+02
-3.850000000000000000e+02 -5.263157894736842479e+00 9.600000000000000000e+02
-3.850000000000000000e+02 -3.157894736842106198e+00 9.600000000000000000e+02
-3.850000000000000000e+02 -1.052631578947369917e+00 9.600000000000000000e+02
-3.850000000000000000e+02 1.052631578947366364e+00 9.600000000000000000e+02
-3.850000000000000000e+02 3.157894736842102645e+00 9.600000000000000000e+02
-3.850000000000000000e+02 5.263157894736842479e+00 9.600000000000000000e+02
-3.850000000000000000e+02 7.368421052631578760e+00 9.600000000000000000e+02
-3.850000000000000000e+02 9.473684210526315042e+00 9.600000000000000000e+02
-3.850000000000000000e+02 1.157894736842105132e+01 9.600000000000000000e+02
-3.850000000000000000e+02 1.368421052631578760e+01 9.600000000000000000e+02
-3.850000000000000000e+02 1.578947368421052744e+01 9.600000000000000000e+02
-3.850000000000000000e+02 1.789473684210526017e+01 9.600000000000000000e+02
-3.850000000000000000e+02 2.000000000000000000e+01 9.600000000000000000e+02
-3.850000000000000000e+02 2.000000000000000000e+01 9.600000000000000000e+02
-3.828947368421052602e+02 2.000000000000000000e+01 9.600000000000000000e+02
-3.807894736842105203e+02 2.000000000000000000e+01 9.600000000000000000e+02
-3.786842105263157805e+02 2.000000000000000000e+01 9.600000000000000000e+02
-3.765789473684210407e+02 2.000000000000000000e+01 9.600000000000000000e+02
-3.744736842105263008e+02 2.000000000000000000e+01 9.600000000000000000e+02
-3.723684210526315610e+02 2.000000000000000000e+01 9.600000000000000000e+02
-3.702631578947368212e+02 2.000000000000000000e+01 9.600000000000000000e+02
-3.681578947368420813e+02 2.000000000000000000e+01 9.600000000000000000e+02
-3.660526315789473983e+02 2.000000000000000000e+01 9.600000000000000000e+02
-3.660526315789473983e+02 2.000000000000000000e+01 9.600000000000000000e+02
-3.681578947368420813e+02 2.000000000000000000e+01 9.600000000000000000e+02
-3.702631578947368212e+02 2.000000000000000000e+01 9.600000000000000000e+02
-3.723684210526315610e+02 2.000000000000000000e+01 9.600000000000000000e+02
-3.744736842105263008e+02 2.000000000000000000e+01 9.600000000000000000e+02
-3.765789473684210407e+02 2.000000000000000000e+01 9.600000000000000000e+02
-3.786842105263157805e+02 2.000000000000000000e+01 9.600000000000000000e+02
-3.807894736842105203e+02 2.000000000000000000e+01 9.600000000000000000e+02
-3.828947368421052602e+02 2.000000000000000000e+01 9.600000000000000000e+02
-3.850000000000000000e+02 2.000000000000000000e+01 9.600000000000000000e+02
-3.850000000000000000e+02 2.000000000000000000e+01 9.600000000000000000e+02
-3.850000000000000000e+02 1.789473684210526017e+01 9.600000000000000000e+02
-3.850000000000000000e+02 1.578947368421052744e+01 9.600000000000000000e+02
-3.850000000000000000e+02 1.368421052631578760e+01 9.600000000000000000e+02
-3.850000000000000000e+02 1.157894736842105132e+01 9.600000000000000000e+02
-3.850000000000000000e+02 9.473684210526315042e+00 9.600000000000000000e+02
-3.850000000000000000e+02 7.368421052631578760e+00 9.600000000000000000e+02
-3.850000000000000000e+02 5.263157894736842479e+00 9.600000000000000000e+02
-3.850000000000000000e+02 3.157894736842102645e+00 9.600000000000000000e+02
-3.850000000000000000e+02 1.052631578947366364e+00 9.600000000000000000e+02
-3.850000000000000000e+02 1.052631578947366364e+00 9.600000000000000000e+02
-3.828947368421052602e+02 1.052631578947366364e+00 9.600000000000000000e+02
-3.807894736842105203e+02 1.052631578947366364e+00 9.600000000000000000e+02
-3.786842105263157805e+02 1.052631578947366364e+00 9.600000000000000000e+02
-3.765789473684210407e+02 1.052631578947366364e+00 9.600000000000000000e+02
