4.876263159257841870e-04 4.687221594229434092e-04 5.361400250358432443e-04
4.878680091476553151e-04 4.724632652886214261e-04 5.327056670917942015e-04
4.880794923290127226e-04 4.761818169190472198e-04 5.292661419673263742e-04
4.882724546613612842e-04 4.798624366194311017e-04 5.258343325547353573e-04
4.884296708968828300e-04 4.835284699791380682e-04 5.223610110487950662e-04
4.885568688312037213e-04 4.871499400163274533e-04 5.189093799331460487e-04
4.886583227453197235e-04 4.907538115712209480e-04 5.154394112108240953e-04
4.887286287000521022e-04 4.943383599701632516e-04 5.119742902606409362e-04
4.887818760370332607e-04 4.979088967456088985e-04 5.084717605613561136e-04
4.888064000495963637e-04 5.014273620875849945e-04 5.049875867401173567e-04
4.888012176006622861e-04 5.049518161820654117e-04 5.014693842108033017e-04
4.887443675783770735e-04 5.084817094353636172e-04 4.979374994097226148e-04
4.886933255308106459e-04 5.119678938470720959e-04 4.943825650072251670e-04
4.885848021431971576e-04 5.154710909810209874e-04 4.908019118846126527e-04
4.884875125741874272e-04 5.189364618658268407e-04 4.871933014390573318e-04
4.883557118108559133e-04 5.223942994102467310e-04 4.835697305250362334e-04
4.882054271219668290e-04 5.258555940636709626e-04 4.798996336914786794e-04
4.880277465372459024e-04 5.292997223243639526e-04 4.762034776525361432e-04
4.878194796598654421e-04 5.327259718399742243e-04 4.724913367136729619e-04
4.875803843658152079e-04 5.361696707619410763e-04 4.687354375517127614e-04
4.875803842438096122e-04 5.361696708917349299e-04 4.687354375536312030e-04
4.916954795496812159e-04 5.341102556875022790e-04 4.667625143857017452e-04
4.957813896079896849e-04 5.320198845198616548e-04 4.647797206777798938e-04
4.998553256182340946e-04 5.299371019483892567e-04 4.627496470956377452e-04
5.039059387094190282e-04 5.278190107603744803e-04 4.606880341546400041e-04
5.079491848256536407e-04 5.256788180741537924e-04 4.586245399602844166e-04
5.117728643213900318e-04 5.236264095175434830e-04 4.566362045370750042e-04
5.160027960583603952e-04 5.213741113444406248e-04 4.543527504143672451e-04
5.200120434460275181e-04 5.191889905976007635e-04 4.521729146272134101e-04
5.240383095482470605e-04 5.169611838598804718e-04 4.499575597697042374e-04
5.240383095482470605e-04 5.169611838598804718e-04 4.499575597697042374e-04
5.200120434460275181e-04 5.191889905976007635e-04 4.521729146272134101e-04
5.160027960583603952e-04 5.213741113444406248e-04 4.543527504143672451e-04
5.117728643213900318e-04 5.236264095175434830e-04 4.566362045370750042e-04
5.079491848256536407e-04 5.256788180741537924e-04 4.586245399602844166e-04
5.039059387094190282e-04 5.278190107603744803e-04 4.606880341546400041e-04
4.998553256182340946e-04 5.299371019483892567e-04 4.627496470956377452e-04
4.957813896079896849e-04 5.320198845198616548e-04 4.647797206777798938e-04
4.916954795496812159e-04 5.341102556875022790e-04 4.667625143857017452e-04
4.875803842438096122e-04 5.361696708917349299e-04 4.687354375536312030e-04
4.875803842438096122e-04 5.361696708917349299e-04 4.687354375536312030e-04
4.878194796598654421e-04 5.327259718399742243e-04 4.724913367136729619e-04
4.880277465678213252e-04 5.292997222996185559e-04 4.762034776686299318e-04
4.882054269709485794e-04 5.258555940365257928e-04 4.798996338320343238e-04
4.883557118108559133e-04 5.223942994102467310e-04 4.835697305250362334e-04
4.884875125741874272e-04 5.189364618658268407e-04 4.871933014390573318e-04
4.885848021431971576e-04 5.154710909810209874e-04 4.908019118846126527e-04
4.886933255308106459e-04 5.119678938470720959e-04 4.943825650072251670e-04
4.887443675783770735e-04 5.084817094353636172e-04 4.979374994097226148e-04
4.888012176006622861e-04 5.049518161820654117e-04 5.014693842108033017e-04
4.888012176006622861e-04 5.049518161820654117e-04 5.014693842108033017e-04
4.928649830617312785e-04 5.029782742160350322e-04 4.994933374364932946e-04
4.969311259474271190e-04 5.009793631761118261e-04 4.974796039025716115e-04
5.009851018408313563e-04 4.989566433537734108e-04 4.954398073445379818e-04
5.050072406914688427e-04 4.969094920095374094e-04 4.934003046062270274e-04
