5.871957832003622115e-06 4.502639559117589912e-04 3.938380520126216733e-04
-9.476125482717889922e-04 1.908963464602773745e-04 7.700644457966110976e-04
-5.086512458066336662e-07 6.310085676143680107e-04 2.535663388342286237e-05
-6.743535013706010006e-05 1.314885882933866060e-04 -1.593690307083403285e-04
-6.461103002329801658e-04 4.582116562212629109e-04 4.687671607873144315e-04
-9.447403823286879259e-04 1.096921224304575967e-04 1.070482435312838715e-03
-1.683819789794906599e-05 -5.572404838640757573e-05 5.383217139359726486e-04
-6.315726272835551537e-05 4.300587565761749545e-04 -1.049627027010146749e-04
-1.421345176178893163e-03 5.167305948448048906e-04 4.049103023180237754e-04
5.084724562683535501e-05 3.980003332594458346e-04 5.073163833716477474e-04
8.008650675897717756e-04 3.543939354411340518e-04 6.178856634429555046e-04
3.234417211171343172e-05 1.364399656763060087e-04 6.727733337236572065e-04
-2.707600287171788521e-04 7.276535011924054833e-04 1.535370993972614759e-04
-8.202654398692702745e-05 6.083422069686516328e-04 1.986273477027343829e-04
1.161853963990756629e-05 -9.560757179507221176e-04 1.498284424370586749e-03
-3.640496793177447804e-05 -8.002205709765409288e-04 1.212583614770824242e-03
-1.224574700100706092e-06 8.095908183821411402e-04 2.007938050201544600e-04
-5.104175993110957477e-04 3.114333279906866727e-03 -4.379300367744775636e-04
5.481179161648108830e-04 8.695759244347618210e-05 6.040916328910332688e-04
-1.492176465506832902e-04 -5.437205152053731227e-03 4.674540179445827587e-03
-1.492176465506832902e-04 -5.437205152053731227e-03 4.674540179445827587e-03
-4.158756917942685837e-04 1.936509067848977191e-03 4.520108250084152934e-05
-5.281224589527116738e-04 4.718756302011788031e-04 4.743629514853894835e-04
-7.529547925403851680e-05 5.776681528875318846e-04 3.706213971759468226e-04
-2.967386503684234673e-05 -4.921030561949633160e-04 9.544785936956105008e-04
-4.318984375647990683e-04 -4.636881320003123641e-03 3.492339610398847907e-03
8.995136028328341122e-05 1.899883527989693630e-03 -1.169313325655084879e-03
-2.458237496470574841e-05 5.389410231196879427e-04 4.342599350390218948e-04
3.551011639078285692e-06 4.601077946366977155e-04 4.391968767722100519e-04
9.483010258905166454e-04 5.570041479483333214e-04 3.395214485163418144e-04
9.483010258905166454e-04 5.570041479483333214e-04 3.395214485163418144e-04
3.556386495618256319e-06 5.294275337693141875e-04 4.026536567486821254e-04
-2.458237496470574841e-05 5.389410231196879427e-04 4.342599350390218948e-04
8.995136028328341122e-05 1.899883527989693630e-03 -1.169313325655084879e-03
-4.318984375647990683e-04 -4.636881320003123641e-03 3.492339610398847907e-03
-2.967386503684234673e-05 -4.921030561949633160e-04 9.544785936956105008e-04
-7.616930655292972392e-05 5.775870909000373459e-04 3.693441330389548726e-04
-5.281224589527116738e-04 4.718756302011788031e-04 4.743629514853894835e-04
-4.158756917942685837e-04 1.936509067848977191e-03 4.520108250084152934e-05
-1.492176465506832902e-04 -5.437205152053731227e-03 4.674540179445827587e-03
-1.492176465506832902e-04 -5.437205152053731227e-03 4.674540179445827587e-03
5.481179161648108830e-04 8.695759244347618210e-05 6.040916328910332688e-04
-5.104175993110957477e-04 3.114333279906866727e-03 -4.379300367744775636e-04
-1.224574700100706092e-06 8.095908183821411402e-04 2.007938050201544600e-04
-3.640496793177447804e-05 -8.002205709765409288e-04 1.212583614770824242e-03
1.161853963990756629e-05 -9.560757179507221176e-04 1.498284424370586749e-03
-8.053235393238792174e-05 5.991161463471664965e-04 1.982988063093116542e-04
-2.707600287171788521e-04 7.276535011924054833e-04 1.535370993972614759e-04
3.234417211171343172e-05 1.364399656763060087e-04 6.727733337236572065e-04
8.008650675897717756e-04 3.543939354411340518e-04 6.178856634429555046e-04
7.962956178657328932e-04 3.533025669113680012e-04 6.167080503386296320e-04
-4.177084935182959246e-05 7.997116477033340423e-04 2.340015441300885731e-04
-2.145250551389545358e-05 4.620618002897387139e-04 4.044280112839245575e-04
-4.754542464049468938e-05 5.338832099017452610e-04 4.709982761718342951e-04
-3.979940253340258230e-04 7.471551158303184250e-04 2.056423242984568433e-04
